13 0.10216346153846154 0.421875 0.06850961538461539 0.12860576923076922
13 0.08774038461538461 0.5817307692307693 0.09975961538461539 0.09134615384615384
13 0.203125 0.6370192307692307 0.04567307692307692 0.15384615384615385
13 0.296875 0.5961538461538461 0.0889423076923077 0.06850961538461539
13 0.35216346153846156 0.47475961538461536 0.0625 0.07091346153846154
13 0.42427884615384615 0.3245192307692308 0.109375 0.0829326923076923
13 0.28125 0.02403846153846154 0.056490384615384616 0.04326923076923077
13 0.13822115384615385 0.2247596153846154 0.04807692307692308 0.054086538461538464
13 0.051682692307692304 0.12139423076923077 0.027644230769230768 0.07091346153846154
13 0.6983173076923077 0.07932692307692307 0.08653846153846154 0.10576923076923077
13 0.9615384615384616 0.17548076923076922 0.06610576923076923 0.04326923076923077
13 0.41586538461538464 0.0733173076923077 0.08173076923076923 0.10817307692307693
13 0.49038461538461536 0.11298076923076923 0.02403846153846154 0.06370192307692307
13 0.5540865384615384 0.20432692307692307 0.04447115384615385 0.10096153846153846
13 0.4206730769230769 0.6538461538461539 0.021634615384615384 0.026442307692307692
13 0.44471153846153844 0.5697115384615384 0.03365384615384615 0.052884615384615384
13 0.5408653846153846 0.4567307692307692 0.019230769230769232 0.13341346153846154
13 0.2800480769230769 0.3605769230769231 0.07692307692307693 0.08774038461538461
13 0.23197115384615385 0.25721153846153844 0.04326923076923077 0.055288461538461536
13 0.30528846153846156 0.21995192307692307 0.025240384615384616 0.09615384615384616
13 0.11177884615384616 0.12259615384615384 0.052884615384615384 0.07692307692307693
13 0.20192307692307693 0.8930288461538461 0.042067307692307696 0.055288461538461536
13 0.25961538461538464 0.7259615384615384 0.014423076923076924 0.019230769230769232
13 0.28365384615384615 0.7956730769230769 0.03485576923076923 0.027644230769230768
13 0.14423076923076922 0.7463942307692307 0.06370192307692307 0.06370192307692307
13 0.5036057692307693 0.2800480769230769 0.037259615384615384 0.040865384615384616
13 0.5649038461538461 0.06129807692307692 0.04567307692307692 0.06971153846153846
13 0.8641826923076923 0.07692307692307693 0.0625 0.046875
