13 0.5961538461538461 0.3088942307692308 0.07211538461538461 0.13221153846153846
13 0.6826923076923077 0.5264423076923077 0.09495192307692307 0.2127403846153846
13 0.39302884615384615 0.109375 0.11778846153846154 0.11298076923076923
13 0.6298076923076923 0.09375 0.06370192307692307 0.15504807692307693
13 0.8389423076923077 0.22355769230769232 0.11057692307692307 0.11658653846153846
13 0.9567307692307693 0.1778846153846154 0.07211538461538461 0.20192307692307693
13 0.7608173076923077 0.38100961538461536 0.0985576923076923 0.13701923076923078
13 0.9495192307692307 0.40625 0.09495192307692307 0.17668269230769232
13 0.6947115384615384 0.09975961538461539 0.042067307692307696 0.040865384615384616
13 0.7451923076923077 0.06490384615384616 0.07692307692307693 0.11057692307692307
13 0.515625 0.08653846153846154 0.07932692307692307 0.10576923076923077
