10 0.501042 0.501852 1.002075 1.003689
3 0.1 0.140741 0.199992 0.281467
3 0.853125 0.642593 0.110408 0.292578
3 0.615625 0.881481 0.214575 0.24443
3 0.161458 0.468519 0.102075 0.218504
3 0.233333 0.633333 0.149992 0.185171
3 0.54375 0.540741 0.162492 0.311097
3 0.614583 0.187037 0.079158 0.151837
3 0.657292 0.531481 0.156242 0.166652
3 0.280208 0.32963 0.247908 0.296282
3 0.508333 0.290741 0.120825 0.211097
3 0.390625 0.496296 0.127075 0.192578
3 0.692708 0.727778 0.089575 0.14443
3 0.409375 0.266667 0.118742 0.288874
3 0.528125 0.111111 0.068742 0.207393
