0 0.346875 0.731481 0.693742 0.54443
0 0.608333 0.727778 0.229158 0.477763
0 0.721875 0.587037 0.081242 0.403689
3 0.63125 0.338891 0.079148 0.151832
3 0.766671 0.529634 0.070817 0.081459
3 0.308333 0.072222 0.070825 0.107393
3 0.709375 0.17037 0.060408 0.081467
3 0.251042 0.227778 0.052075 0.070356
3 0.053125 0.107407 0.043742 0.066652
3 0.336458 0.516667 0.031242 0.062948
3 0.385417 0.762963 0.045825 0.096282
3 0.288542 0.605556 0.060408 0.077763
3 0.930208 0.961111 0.006242 0.011097
3 0.934375 0.944444 0.043742 0.118504
10 0.75 0.759259 0.370825 0.429615
