13 0.13581730769230768 0.09495192307692307 0.2692307692307692 0.18870192307692307
13 0.36177884615384615 0.15985576923076922 0.05889423076923077 0.10576923076923077
13 0.38100961538461536 0.3894230769230769 0.0733173076923077 0.07451923076923077
13 0.4651442307692308 0.46634615384615385 0.038461538461538464 0.042067307692307696
13 0.39302884615384615 0.10576923076923077 0.10216346153846154 0.05048076923076923
13 0.5661057692307693 0.3088942307692308 0.040865384615384616 0.0673076923076923
13 0.4795673076923077 0.5240384615384616 0.0985576923076923 0.036057692307692304
13 0.30649038461538464 0.6790865384615384 0.052884615384615384 0.07091346153846154
13 0.5396634615384616 0.5697115384615384 0.04447115384615385 0.054086538461538464
13 0.2608173076923077 0.22596153846153846 0.06610576923076923 0.046875
13 0.078125 0.4110576923076923 0.08653846153846154 0.078125
13 0.4074519230769231 0.5420673076923077 0.05889423076923077 0.036057692307692304
13 0.5192307692307693 0.2548076923076923 0.04447115384615385 0.054086538461538464
13 0.5757211538461539 0.026442307692307692 0.046875 0.04807692307692308
13 0.34615384615384615 0.25240384615384615 0.05889423076923077 0.054086538461538464
