13 0.48197115384615385 0.41225961538461536 0.08774038461538461 0.11298076923076923
13 0.47596153846153844 0.27884615384615385 0.05048076923076923 0.08413461538461539
13 0.15985576923076922 0.3137019230769231 0.07932692307692307 0.17908653846153846
13 0.3293269230769231 0.515625 0.07692307692307693 0.0985576923076923
13 0.18028846153846154 0.0625 0.10697115384615384 0.11899038461538461
13 0.35697115384615385 0.0673076923076923 0.1141826923076923 0.09014423076923077
13 0.05889423076923077 0.44471153846153844 0.08774038461538461 0.10697115384615384
13 0.31009615384615385 0.3641826923076923 0.09495192307692307 0.11778846153846154
13 0.5709134615384616 0.35336538461538464 0.056490384615384616 0.0985576923076923
13 0.5564903846153846 0.21394230769230768 0.056490384615384616 0.052884615384615384
13 0.4723557692307692 0.09134615384615384 0.03485576923076923 0.07091346153846154
