13 0.46033653846153844 0.22235576923076922 0.055288461538461536 0.16105769230769232
13 0.08774038461538461 0.11899038461538461 0.057692307692307696 0.13822115384615385
13 0.09735576923076923 0.30288461538461536 0.078125 0.06610576923076923
13 0.44711538461538464 0.5649038461538461 0.06370192307692307 0.09375
13 0.19591346153846154 0.18509615384615385 0.10096153846153846 0.14302884615384615
13 0.2764423076923077 0.20192307692307693 0.04447115384615385 0.10096153846153846
13 0.375 0.0733173076923077 0.04927884615384615 0.06009615384615385
13 0.34134615384615385 0.16466346153846154 0.057692307692307696 0.10216346153846154
13 0.265625 0.06610576923076923 0.07572115384615384 0.08653846153846154
13 0.47716346153846156 0.07932692307692307 0.0673076923076923 0.08653846153846154
13 0.5576923076923077 0.057692307692307696 0.037259615384615384 0.051682692307692304
13 0.5168269230769231 0.2091346153846154 0.038461538461538464 0.10216346153846154
13 0.640625 0.1622596153846154 0.03485576923076923 0.07091346153846154
13 0.6899038461538461 0.10817307692307693 0.057692307692307696 0.07692307692307693
13 0.5757211538461539 0.3317307692307692 0.04807692307692308 0.054086538461538464
13 0.6177884615384616 0.265625 0.036057692307692304 0.06610576923076923
13 0.7355769230769231 0.04326923076923077 0.07692307692307693 0.08653846153846154
13 0.4098557692307692 0.21995192307692307 0.04447115384615385 0.08653846153846154
13 0.42427884615384615 0.042067307692307696 0.025240384615384616 0.039663461538461536
13 0.2548076923076923 0.28846153846153844 0.06850961538461539 0.04447115384615385
