13 0.0625 0.47115384615384615 0.04807692307692308 0.12620192307692307
13 0.0733173076923077 0.2247596153846154 0.016826923076923076 0.08413461538461539
13 0.2704326923076923 0.36658653846153844 0.06971153846153846 0.07451923076923077
13 0.19471153846153846 0.6153846153846154 0.12860576923076922 0.16346153846153846
13 0.31490384615384615 0.6322115384615384 0.10096153846153846 0.0733173076923077
13 0.3701923076923077 0.4723557692307692 0.0625 0.055288461538461536
13 0.4266826923076923 0.3076923076923077 0.09375 0.06850961538461539
13 0.5480769230769231 0.09375 0.07211538461538461 0.12379807692307693
13 0.27283653846153844 0.03245192307692308 0.040865384615384616 0.04567307692307692
13 0.8040865384615384 0.11177884615384616 0.05048076923076923 0.0889423076923077
13 0.42788461538461536 0.6778846153846154 0.06370192307692307 0.051682692307692304
13 0.28365384615384615 0.8701923076923077 0.02283653846153846 0.052884615384615384
13 0.2439903846153846 0.7884615384615384 0.07451923076923077 0.06129807692307692
13 0.13221153846153846 0.39783653846153844 0.025240384615384616 0.06971153846153846
13 0.15865384615384615 0.15144230769230768 0.051682692307692304 0.05889423076923077
13 0.4074519230769231 0.2283653846153846 0.08413461538461539 0.0625
13 0.2776442307692308 0.2439903846153846 0.07932692307692307 0.0985576923076923
13 0.6706730769230769 0.042067307692307696 0.04807692307692308 0.07932692307692307
13 0.3473557692307692 0.0985576923076923 0.07451923076923077 0.08653846153846154
