13 0.7127403846153846 0.3449519230769231 0.09495192307692307 0.20432692307692307
13 0.30649038461538464 0.20673076923076922 0.05048076923076923 0.078125
13 0.3161057692307692 0.08052884615384616 0.037259615384615384 0.05048076923076923
13 0.4735576923076923 0.09975961538461539 0.05048076923076923 0.19951923076923078
13 0.8966346153846154 0.8112980769230769 0.18028846153846154 0.18629807692307693
13 0.7235576923076923 0.6129807692307693 0.051682692307692304 0.078125
13 0.6658653846153846 0.8173076923076923 0.055288461538461536 0.1045673076923077
13 0.953125 0.036057692307692304 0.09014423076923077 0.0673076923076923
13 0.6213942307692307 0.9206730769230769 0.019230769230769232 0.057692307692307696
13 0.7608173076923077 0.9134615384615384 0.055288461538461536 0.10576923076923077
