13 0.6382211538461539 0.40384615384615385 0.0985576923076923 0.16105769230769232
13 0.7019230769230769 0.5973557692307693 0.140625 0.2283653846153846
13 0.9182692307692307 0.4519230769230769 0.054086538461538464 0.06610576923076923
13 0.8257211538461539 0.28966346153846156 0.0733173076923077 0.12980769230769232
13 0.5877403846153846 0.140625 0.0733173076923077 0.1346153846153846
13 0.35216346153846156 0.12259615384615384 0.13822115384615385 0.10697115384615384
13 0.2848557692307692 0.06370192307692307 0.06490384615384616 0.10697115384615384
13 0.4831730769230769 0.15745192307692307 0.05048076923076923 0.026442307692307692
13 0.71875 0.16706730769230768 0.10697115384615384 0.15504807692307693
13 0.9387019230769231 0.17668269230769232 0.04447115384615385 0.055288461538461536
13 0.9639423076923077 0.265625 0.07091346153846154 0.09134615384615384
13 0.9519230769230769 0.5396634615384616 0.054086538461538464 0.07211538461538461
13 0.7475961538461539 0.4723557692307692 0.06490384615384616 0.09615384615384616
13 0.5612980769230769 0.31490384615384615 0.03485576923076923 0.056490384615384616
13 0.6802884615384616 0.051682692307692304 0.07572115384615384 0.10336538461538461
13 0.7884615384615384 0.021634615384615384 0.08774038461538461 0.042067307692307696
