13 0.7560096153846154 0.7223557692307693 0.1466346153846154 0.11899038461538461
13 0.6538461538461539 0.8004807692307693 0.027644230769230768 0.06971153846153846
13 0.28966346153846156 0.36538461538461536 0.055288461538461536 0.07091346153846154
13 0.3389423076923077 0.14903846153846154 0.038461538461538464 0.038461538461538464
13 0.4519230769230769 0.19110576923076922 0.03245192307692308 0.12740384615384615
13 0.8088942307692307 0.13942307692307693 0.08653846153846154 0.09134615384615384
13 0.6826923076923077 0.34134615384615385 0.06370192307692307 0.12259615384615384
13 0.6225961538461539 0.5420673076923077 0.056490384615384616 0.10576923076923077
13 0.19110576923076922 0.3605769230769231 0.04807692307692308 0.08653846153846154
13 0.7391826923076923 0.030048076923076924 0.037259615384615384 0.040865384615384616
13 0.8798076923076923 0.06009615384615385 0.052884615384615384 0.08173076923076923
