10 0.501042 0.501852 1.002075 1.003689
3 0.09375 0.15 0.187492 0.299985
3 0.842708 0.646296 0.127075 0.299985
3 0.133333 0.477778 0.195825 0.2148
3 0.623958 0.238889 0.135408 0.17406
3 0.360417 0.535185 0.170825 0.122208
3 0.229167 0.612963 0.158325 0.255541
3 0.266667 0.372222 0.229158 0.277763
3 0.617708 0.887037 0.235408 0.233319
3 0.436458 0.785185 0.177075 0.162948
3 0.413542 0.309259 0.152075 0.337023
3 0.5375 0.161111 0.104158 0.203689
3 0.471875 0.337037 0.089575 0.177763
3 0.454167 0.137037 0.049992 0.162948
3 0.623958 0.535185 0.135408 0.203689
3 0.562498 0.572222 0.141663 0.285171
