13 0.43509615384615385 0.36177884615384615 0.0673076923076923 0.08173076923076923
13 0.11298076923076923 0.38100961538461536 0.078125 0.054086538461538464
13 0.17908653846153846 0.05889423076923077 0.07451923076923077 0.08653846153846154
13 0.27524038461538464 0.06971153846153846 0.054086538461538464 0.030048076923076924
13 0.4387019230769231 0.11298076923076923 0.10697115384615384 0.10336538461538461
13 0.31850961538461536 0.20072115384615385 0.052884615384615384 0.06850961538461539
13 0.39302884615384615 0.24158653846153846 0.06610576923076923 0.06129807692307692
13 0.5793269230769231 0.26322115384615385 0.03365384615384615 0.06490384615384616
13 0.5204326923076923 0.5204326923076923 0.06610576923076923 0.04567307692307692
13 0.5120192307692307 0.4639423076923077 0.04326923076923077 0.042067307692307696
13 0.3401442307692308 0.6706730769230769 0.06850961538461539 0.038461538461538464
13 0.4110576923076923 0.019230769230769232 0.056490384615384616 0.038461538461538464
