13 0.11298076923076923 0.015625 0.054086538461538464 0.028846153846153848
13 0.26802884615384615 0.027644230769230768 0.09735576923076923 0.052884615384615384
13 0.18629807692307693 0.3605769230769231 0.08413461538461539 0.11177884615384616
13 0.40625 0.17427884615384615 0.08653846153846154 0.11658653846153846
13 0.5192307692307693 0.056490384615384616 0.09735576923076923 0.09615384615384616
13 0.5264423076923077 0.3425480769230769 0.08413461538461539 0.09134615384615384
13 0.41586538461538464 0.6682692307692307 0.06129807692307692 0.08173076923076923
13 0.5901442307692307 0.4951923076923077 0.07572115384615384 0.057692307692307696
13 0.4807692307692308 0.2091346153846154 0.056490384615384616 0.05889423076923077
13 0.25240384615384615 0.10216346153846154 0.0625 0.06490384615384616
13 0.43028846153846156 0.2980769230769231 0.036057692307692304 0.06971153846153846
