1 0.5375 0.905556 0.058325 0.077763
1 0.986458 0.659259 0.031242 0.170356
1 0.760417 0.638889 0.091658 0.159245
1 0.913542 0.659259 0.085408 0.111097
1 0.860416 0.670366 0.041658 0.081456
5 0.81875 0.192593 0.070825 0.111097
5 0.646875 0.203704 0.027075 0.081467
5 0.926042 0.262963 0.035408 0.051837
5 0.934375 0.377778 0.031242 0.04443
5 0.929159 0.372234 0.029139 0.0407
5 0.848958 0.912963 0.039575 0.062948
5 0.845834 0.914814 0.041649 0.059199
5 0.888542 0.37963 0.027075 0.070356
5 0.764583 0.387037 0.033325 0.048134
5 0.664583 0.527778 0.029158 0.040726
5 0.634375 0.572222 0.027075 0.040726
5 0.513542 0.711111 0.035408 0.051837
5 0.5375 0.444444 0.033325 0.04443
11 0.492708 0.377771 0.135402 0.170332
