13 0.2668269230769231 0.15504807692307693 0.038461538461538464 0.04447115384615385
13 0.20552884615384615 0.33653846153846156 0.078125 0.0985576923076923
13 0.19471153846153846 0.45552884615384615 0.0829326923076923 0.11899038461538461
13 0.054086538461538464 0.30528846153846156 0.039663461538461536 0.038461538461538464
13 0.03125 0.43028846153846156 0.06009615384615385 0.04447115384615385
13 0.09495192307692307 0.3894230769230769 0.03125 0.042067307692307696
13 0.0985576923076923 0.4723557692307692 0.02403846153846154 0.04326923076923077
13 0.38221153846153844 0.5168269230769231 0.13221153846153846 0.11538461538461539
13 0.38341346153846156 0.44591346153846156 0.06971153846153846 0.09254807692307693
13 0.45552884615384615 0.4026442307692308 0.07932692307692307 0.06009615384615385
13 0.39783653846153844 0.30288461538461536 0.06850961538461539 0.0889423076923077
13 0.47716346153846156 0.27403846153846156 0.10336538461538461 0.08052884615384616
13 0.5024038461538461 0.17307692307692307 0.054086538461538464 0.08173076923076923
13 0.5108173076923077 0.0625 0.06370192307692307 0.09014423076923077
13 0.34134615384615385 0.234375 0.027644230769230768 0.039663461538461536
13 0.7776442307692307 0.051682692307692304 0.09975961538461539 0.09495192307692307
13 0.6081730769230769 0.11057692307692307 0.038461538461538464 0.03485576923076923
13 0.6237980769230769 0.1778846153846154 0.04326923076923077 0.054086538461538464
13 0.4951923076923077 0.5769230769230769 0.04447115384615385 0.039663461538461536
13 0.31490384615384615 0.39663461538461536 0.10697115384615384 0.054086538461538464
13 0.30288461538461536 0.6009615384615384 0.038461538461538464 0.042067307692307696
13 0.26322115384615385 0.6033653846153846 0.04326923076923077 0.04807692307692308
13 0.328125 0.6875 0.028846153846153848 0.02403846153846154
13 0.2848557692307692 0.31490384615384615 0.046875 0.052884615384615384
13 0.24879807692307693 0.07451923076923077 0.04326923076923077 0.05889423076923077
13 0.6514423076923077 0.056490384615384616 0.057692307692307696 0.09014423076923077
13 0.7439903846153846 0.1466346153846154 0.038461538461538464 0.06850961538461539
13 0.3004807692307692 0.8533653846153846 0.04326923076923077 0.038461538461538464
13 0.1778846153846154 0.6802884615384616 0.03245192307692308 0.037259615384615384
