13 0.47475961538461536 0.21995192307692307 0.046875 0.1658653846153846
13 0.20432692307692307 0.1935096153846154 0.140625 0.1971153846153846
13 0.28846153846153844 0.18269230769230768 0.0625 0.06850961538461539
13 0.3701923076923077 0.1466346153846154 0.057692307692307696 0.13341346153846154
13 0.06971153846153846 0.09975961538461539 0.06610576923076923 0.11538461538461539
13 0.03245192307692308 0.1778846153846154 0.0625 0.09014423076923077
13 0.1045673076923077 0.30408653846153844 0.09735576923076923 0.055288461538461536
13 0.4891826923076923 0.07451923076923077 0.07932692307692307 0.109375
13 0.6346153846153846 0.18629807692307693 0.037259615384615384 0.09495192307692307
13 0.5432692307692307 0.22115384615384615 0.06009615384615385 0.08774038461538461
13 0.5757211538461539 0.3449519230769231 0.057692307692307696 0.06490384615384616
13 0.765625 0.0673076923076923 0.12740384615384615 0.09975961538461539
13 0.39903846153846156 0.0673076923076923 0.05889423076923077 0.05889423076923077
13 0.3016826923076923 0.09254807692307693 0.06610576923076923 0.0985576923076923
13 0.4338942307692308 0.43990384615384615 0.040865384615384616 0.12860576923076922
13 0.4651442307692308 0.5901442307692307 0.06850961538461539 0.09254807692307693
13 0.33052884615384615 0.39903846153846156 0.040865384615384616 0.10697115384615384
13 0.6514423076923077 0.37740384615384615 0.042067307692307696 0.09375
13 0.6069711538461539 0.2764423076923077 0.046875 0.05889423076923077
13 0.5564903846153846 0.07572115384615384 0.040865384615384616 0.06610576923076923
13 0.6754807692307693 0.0829326923076923 0.06850961538461539 0.056490384615384616
