13 0.4735576923076923 0.2091346153846154 0.04326923076923077 0.15985576923076922
13 0.10817307692307693 0.2956730769230769 0.08653846153846154 0.0733173076923077
13 0.08173076923076923 0.10336538461538461 0.0673076923076923 0.12620192307692307
13 0.28365384615384615 0.19591346153846154 0.07211538461538461 0.0889423076923077
13 0.3954326923076923 0.055288461538461536 0.04567307692307692 0.04807692307692308
13 0.33774038461538464 0.4182692307692308 0.03125 0.04326923076923077
13 0.41346153846153844 0.20432692307692307 0.027644230769230768 0.04807692307692308
13 0.20552884615384615 0.20432692307692307 0.12259615384615384 0.19110576923076922
13 0.3641826923076923 0.15625 0.06009615384615385 0.11538461538461539
13 0.5276442307692307 0.11899038461538461 0.040865384615384616 0.06490384615384616
13 0.6442307692307693 0.17548076923076922 0.03485576923076923 0.078125
13 0.5841346153846154 0.33413461538461536 0.038461538461538464 0.04447115384615385
13 0.6610576923076923 0.38461538461538464 0.020432692307692308 0.020432692307692308
13 0.24278846153846154 0.051682692307692304 0.12620192307692307 0.06490384615384616
