13 0.49399038461538464 0.37259615384615385 0.06850961538461539 0.10817307692307693
13 0.49399038461538464 0.09254807692307693 0.0889423076923077 0.10336538461538461
13 0.24519230769230768 0.054086538461538464 0.06971153846153846 0.057692307692307696
13 0.17548076923076922 0.359375 0.0889423076923077 0.08653846153846154
13 0.11298076923076923 0.03245192307692308 0.0985576923076923 0.06370192307692307
13 0.38100961538461536 0.20432692307692307 0.06610576923076923 0.07932692307692307
13 0.44350961538461536 0.2283653846153846 0.046875 0.06009615384615385
13 0.3245192307692308 0.056490384615384616 0.0625 0.05048076923076923
13 0.4891826923076923 0.5108173076923077 0.057692307692307696 0.056490384615384616
13 0.5685096153846154 0.4483173076923077 0.052884615384615384 0.0625
13 0.5757211538461539 0.515625 0.09254807692307693 0.04567307692307692
13 0.39903846153846156 0.6682692307692307 0.04807692307692308 0.0625
13 0.59375 0.019230769230769232 0.03125 0.03485576923076923
