0 0.109375 0.686739 0.218742 0.632694
13 0.467709 0.027744 0.26874 0.055474
11 0.330219 0.135198 0.039548 0.055516
1 0.787498 0.096078 0.1458 0.184695
8 0.331253 0.196289 0.058319 0.074045
11 0.628093 0.36111 0.06029 0.114794
8 0.358295 0.30932 0.079055 0.047984
8 0.494664 0.825623 0.051818 0.080852
8 0.573948 0.662962 0.068705 0.140716
8 0.660457 0.974081 0.024908 0.059227
8 0.961477 0.949961 0.035315 0.055449
8 0.967185 0.494445 0.069787 0.174058
8 0.860295 0.712986 0.062223 0.122131
8 0.75416 0.588884 0.037468 0.044412
8 0.764592 0.500005 0.041638 0.111063
8 0.677106 0.555551 0.024936 0.04439
8 0.652084 0.437051 0.041654 0.066598
8 0.558333 0.859259 0.033325 0.051837
8 0.608331 0.89442 0.05832 0.188821
