5 0.878125 0.103704 0.068742 0.140726
5 0.613542 0.662963 0.072908 0.103689
5 0.925 0.348148 0.062492 0.103689
5 0.60625 0.511111 0.041658 0.051837
5 0.910417 0.859259 0.062492 0.118504
5 0.838542 0.959259 0.064575 0.081467
5 0.594792 0.792593 0.039575 0.088874
5 0.411458 0.681481 0.068742 0.088874
5 0.534375 0.592593 0.039575 0.059245
5 0.632289 0.190738 0.089566 0.15183
5 0.692717 0.338889 0.043721 0.15177
5 0.508335 0.368521 0.08332 0.092535
5 0.5 0.520371 0.049982 0.09998
11 0.503125 0.47778 0.293735 0.31109
