13 0.25841346153846156 0.3161057692307692 0.13701923076923078 0.20552884615384615
13 0.4266826923076923 0.5889423076923077 0.09735576923076923 0.2127403846153846
13 0.15625 0.6778846153846154 0.06370192307692307 0.07692307692307693
13 0.21995192307692307 0.44591346153846156 0.078125 0.07572115384615384
13 0.47836538461538464 0.30528846153846156 0.040865384615384616 0.08173076923076923
13 0.39783653846153844 0.3449519230769231 0.09735576923076923 0.10336538461538461
13 0.30288461538461536 0.08653846153846154 0.046875 0.07091346153846154
13 0.36899038461538464 0.08413461538461539 0.039663461538461536 0.03125
13 0.055288461538461536 0.21754807692307693 0.08173076923076923 0.13822115384615385
13 0.11658653846153846 0.09254807692307693 0.08413461538461539 0.12740384615384615
13 0.21634615384615385 0.06490384615384616 0.05889423076923077 0.07091346153846154
13 0.5576923076923077 0.06610576923076923 0.05048076923076923 0.07572115384615384
13 0.5180288461538461 0.21754807692307693 0.10576923076923077 0.18269230769230768
13 0.4879807692307692 0.14783653846153846 0.02283653846153846 0.036057692307692304
13 0.3894230769230769 0.2247596153846154 0.11298076923076923 0.16105769230769232
13 0.3786057692307692 0.22355769230769232 0.0625 0.07451923076923077
13 0.25961538461538464 0.16947115384615385 0.06009615384615385 0.056490384615384616
13 0.35096153846153844 0.4879807692307692 0.0625 0.046875
13 0.5456730769230769 0.36538461538461536 0.021634615384615384 0.055288461538461536
13 0.5901442307692307 0.4014423076923077 0.039663461538461536 0.051682692307692304
13 0.6730769230769231 0.4423076923076923 0.04807692307692308 0.039663461538461536
