13 0.4579326923076923 0.20432692307692307 0.03485576923076923 0.15985576923076922
13 0.2668269230769231 0.2283653846153846 0.09254807692307693 0.07932692307692307
13 0.3629807692307692 0.1778846153846154 0.06610576923076923 0.18870192307692307
13 0.06610576923076923 0.34975961538461536 0.10216346153846154 0.03485576923076923
13 0.1502403846153846 0.23076923076923078 0.14182692307692307 0.21394230769230768
13 0.4831730769230769 0.07692307692307693 0.06850961538461539 0.08653846153846154
13 0.23798076923076922 0.028846153846153848 0.07451923076923077 0.04807692307692308
13 0.109375 0.07091346153846154 0.054086538461538464 0.030048076923076924
13 0.2668269230769231 0.13701923076923078 0.04326923076923077 0.06490384615384616
13 0.46274038461538464 0.6141826923076923 0.025240384615384616 0.0889423076923077
13 0.4206730769230769 0.44711538461538464 0.04567307692307692 0.17307692307692307
13 0.30649038461538464 0.4266826923076923 0.038461538461538464 0.08052884615384616
