13 0.24158653846153846 0.22355769230769232 0.0733173076923077 0.19591346153846154
13 0.2764423076923077 0.1971153846153846 0.06850961538461539 0.18870192307692307
13 0.2956730769230769 0.0829326923076923 0.07692307692307693 0.15144230769230768
13 0.36538461538461536 0.10817307692307693 0.0829326923076923 0.11658653846153846
13 0.41346153846153844 0.06850961538461539 0.04927884615384615 0.1310096153846154
13 0.4891826923076923 0.09375 0.08052884615384616 0.08533653846153846
13 0.5036057692307693 0.2439903846153846 0.1045673076923077 0.15384615384615385
13 0.38100961538461536 0.3161057692307692 0.12259615384615384 0.0673076923076923
13 0.2692307692307692 0.40384615384615385 0.03245192307692308 0.1622596153846154
13 0.35096153846153844 0.47475961538461536 0.07692307692307693 0.07572115384615384
13 0.4074519230769231 0.5024038461538461 0.05889423076923077 0.10216346153846154
13 0.47716346153846156 0.4362980769230769 0.030048076923076924 0.18870192307692307
13 0.53125 0.3762019230769231 0.03245192307692308 0.1310096153846154
13 0.5096153846153846 0.48677884615384615 0.06850961538461539 0.09014423076923077
13 0.5600961538461539 0.5204326923076923 0.06490384615384616 0.12740384615384615
13 0.41225961538461536 0.59375 0.12860576923076922 0.0985576923076923
13 0.33413461538461536 0.6971153846153846 0.13341346153846154 0.09975961538461539
13 0.27283653846153844 0.75 0.08774038461538461 0.15384615384615385
13 0.39302884615384615 0.8317307692307693 0.07932692307692307 0.15504807692307693
13 0.5276442307692307 0.8040865384615384 0.1201923076923077 0.17427884615384615
13 0.5973557692307693 0.7079326923076923 0.09495192307692307 0.11538461538461539
13 0.6850961538461539 0.6586538461538461 0.09134615384615384 0.13581730769230768
13 0.7091346153846154 0.8161057692307693 0.078125 0.22355769230769232
13 0.7896634615384616 0.8449519230769231 0.057692307692307696 0.14783653846153846
13 0.8473557692307693 0.8137019230769231 0.04326923076923077 0.15504807692307693
13 0.7872596153846154 0.6526442307692307 0.06129807692307692 0.08413461538461539
13 0.6935096153846154 0.16466346153846154 0.02403846153846154 0.040865384615384616
13 0.10216346153846154 0.12860576923076922 0.05889423076923077 0.08413461538461539
13 0.7235576923076923 0.5048076923076923 0.04807692307692308 0.030048076923076924
13 0.8882211538461539 0.28966346153846156 0.014423076923076924 0.019230769230769232
13 0.9302884615384616 0.3293269230769231 0.013221153846153846 0.025240384615384616
13 0.9867788461538461 0.65625 0.019230769230769232 0.025240384615384616
13 0.6213942307692307 0.030048076923076924 0.04447115384615385 0.04807692307692308
13 0.8990384615384616 0.08653846153846154 0.026442307692307692 0.020432692307692308
