0 0.351042 0.727778 0.702075 0.551837
0 0.610457 0.76483 0.229074 0.388814
0 0.721862 0.575941 0.081216 0.374027
3 0.708333 0.164815 0.058325 0.077763
3 0.376042 0.774074 0.081242 0.133319
3 0.764583 0.531481 0.058325 0.085171
3 0.623958 0.357407 0.072908 0.129615
10 0.744792 0.751852 0.364575 0.422208
3 0.755208 0.944444 0.060408 0.111097
3 0.93125 0.942593 0.041658 0.122208
3 0.285417 0.603704 0.058325 0.07406
3 0.303125 0.074074 0.064575 0.096282
3 0.25 0.22037 0.054158 0.077763
3 0.057292 0.107407 0.047908 0.07406
