13 0.375 0.3557692307692308 0.09495192307692307 0.15504807692307693
13 0.5144230769230769 0.08413461538461539 0.07091346153846154 0.12860576923076922
13 0.5865384615384616 0.12860576923076922 0.04567307692307692 0.1045673076923077
13 0.5865384615384616 0.25240384615384615 0.054086538461538464 0.07692307692307693
13 0.10697115384615384 0.4074519230769231 0.11899038461538461 0.18028846153846154
13 0.05048076923076923 0.12139423076923077 0.054086538461538464 0.1045673076923077
13 0.17908653846153846 0.2091346153846154 0.0985576923076923 0.12139423076923077
13 0.3137019230769231 0.2127403846153846 0.04447115384615385 0.054086538461538464
13 0.2512019230769231 0.5384615384615384 0.054086538461538464 0.06129807692307692
13 0.8978365384615384 0.8954326923076923 0.05048076923076923 0.09134615384615384
13 0.36899038461538464 0.5276442307692307 0.046875 0.0733173076923077
13 0.2860576923076923 0.43149038461538464 0.051682692307692304 0.06370192307692307
13 0.203125 0.45913461538461536 0.06129807692307692 0.10096153846153846
13 0.14903846153846154 0.5841346153846154 0.036057692307692304 0.04447115384615385
13 0.23317307692307693 0.03485576923076923 0.07211538461538461 0.06490384615384616
13 0.39903846153846156 0.06850961538461539 0.040865384615384616 0.05889423076923077
13 0.4230769230769231 0.19471153846153846 0.07451923076923077 0.14903846153846154
13 0.6382211538461539 0.038461538461538464 0.07692307692307693 0.04447115384615385
13 0.5168269230769231 0.3762019230769231 0.04567307692307692 0.09134615384615384
13 0.7524038461538461 0.04927884615384615 0.0625 0.0985576923076923
13 0.8016826923076923 0.0733173076923077 0.05889423076923077 0.036057692307692304
