13 0.7524038461538461 0.47596153846153844 0.46274038461538464 0.6850961538461539
13 0.5961538461538461 0.1466346153846154 0.09134615384615384 0.16706730769230768
13 0.3329326923076923 0.19471153846153846 0.06610576923076923 0.296875
13 0.3088942307692308 0.6105769230769231 0.0985576923076923 0.13701923076923078
13 0.3473557692307692 0.7271634615384616 0.05048076923076923 0.06490384615384616
13 0.5168269230769231 0.7475961538461539 0.038461538461538464 0.051682692307692304
13 0.421875 0.7307692307692307 0.05889423076923077 0.06370192307692307
13 0.15384615384615385 0.27884615384615385 0.17668269230769232 0.23798076923076922
13 0.18269230769230768 0.19951923076923078 0.15384615384615385 0.2512019230769231
13 0.05048076923076923 0.19230769230769232 0.056490384615384616 0.1622596153846154
