13 0.7223557692307693 0.5492788461538461 0.09975961538461539 0.25600961538461536
13 0.7295673076923077 0.47596153846153844 0.12139423076923077 0.10096153846153846
13 0.7704326923076923 0.7788461538461539 0.20552884615384615 0.19591346153846154
13 0.6177884615384616 0.203125 0.06370192307692307 0.15144230769230768
13 0.7295673076923077 0.12980769230769232 0.09975961538461539 0.11658653846153846
13 0.75 0.20673076923076922 0.026442307692307692 0.046875
13 0.7788461538461539 0.24278846153846154 0.046875 0.04567307692307692
13 0.8930288461538461 0.40024038461538464 0.07211538461538461 0.13341346153846154
13 0.9350961538461539 0.6394230769230769 0.09134615384615384 0.078125
13 0.9338942307692307 0.07091346153846154 0.12139423076923077 0.12139423076923077
13 0.35216346153846156 0.11538461538461539 0.10096153846153846 0.10697115384615384
13 0.31490384615384615 0.027644230769230768 0.04567307692307692 0.055288461538461536
13 0.8100961538461539 0.07692307692307693 0.051682692307692304 0.06610576923076923
13 0.6177884615384616 0.41466346153846156 0.055288461538461536 0.11057692307692307
13 0.6478365384615384 0.2764423076923077 0.05889423076923077 0.0829326923076923
13 0.6418269230769231 0.028846153846153848 0.07692307692307693 0.057692307692307696
