13 0.5444711538461539 0.30528846153846156 0.06850961538461539 0.078125
13 0.42908653846153844 0.15144230769230768 0.07572115384615384 0.09615384615384616
13 0.5456730769230769 0.026442307692307692 0.1045673076923077 0.04807692307692308
13 0.4326923076923077 0.6742788461538461 0.05048076923076923 0.037259615384615384
13 0.171875 0.37740384615384615 0.0985576923076923 0.07932692307692307
13 0.2536057692307692 0.0673076923076923 0.042067307692307696 0.04927884615384615
13 0.5180288461538461 0.5072115384615384 0.07211538461538461 0.052884615384615384
13 0.6009615384615384 0.49278846153846156 0.06490384615384616 0.03485576923076923
13 0.6177884615384616 0.4375 0.05889423076923077 0.07211538461538461
13 0.5168269230769231 0.17067307692307693 0.057692307692307696 0.05889423076923077
13 0.5865384615384616 0.1814903846153846 0.021634615384615384 0.028846153846153848
