10 0.271875 0.757407 0.196875 0.250000
1 0.370052 0.755093 0.029687 0.049074
10 0.419271 0.684722 0.045833 0.076852
1 0.412240 0.616667 0.026562 0.040741
8 0.355208 0.117593 0.226042 0.155556
0 0.971615 0.488426 0.055729 0.193519
1 0.537760 0.552778 0.024479 0.037037
0 0.904167 0.896296 0.118750 0.170370
2 0.950521 0.899537 0.087500 0.139815
10 0.109115 0.322222 0.098437 0.096296
10 0.421094 0.210185 0.031771 0.059259
1 0.418750 0.397685 0.019792 0.039815
1 0.517448 0.247222 0.017188 0.031481
1 0.597396 0.356481 0.014583 0.025926