4 0.925521 0.499537 0.083333 0.999074
1 0.797135 0.690741 0.039062 0.061111
1 0.212500 0.379167 0.031250 0.056481
1 0.110937 0.613426 0.042708 0.045370
1 0.429427 0.464352 0.029687 0.062037
1 0.229427 0.126852 0.025521 0.055556
1 0.421094 0.215278 0.299479 0.197222
1 0.739323 0.353241 0.119271 0.134259
1 0.594010 0.307870 0.031771 0.045370
4 0.335677 0.350463 0.275521 0.267593
1 0.357031 0.200000 0.021354 0.033333
1 0.357031 0.283796 0.026562 0.034259
1 0.247135 0.812963 0.044271 0.066667
1 0.122396 0.932407 0.060417 0.103704
1 0.268490 0.967593 0.054688 0.062963
1 0.575781 0.071296 0.031771 0.055556