1 0.371875 0.311574 0.031250 0.050926
1 0.410677 0.058796 0.026562 0.054630
1 0.517969 0.253704 0.024479 0.037037
1 0.576302 0.464815 0.023438 0.066667
1 0.529948 0.164352 0.024479 0.021296
4 0.489063 0.297222 0.210417 0.283333
1 0.607812 0.198148 0.287500 0.279630
1 0.263542 0.505093 0.041667 0.056481
1 0.245573 0.823611 0.047396 0.078704
1 0.363542 0.767593 0.037500 0.066667
1 0.368229 0.952778 0.055208 0.088889
1 0.785677 0.340278 0.028646 0.045370
1 0.167969 0.596759 0.101562 0.165741
1 0.791146 0.061111 0.042708 0.068519