1 0.610677 0.198148 0.175521 0.181481
4 0.859896 0.698611 0.279167 0.599074
1 0.464062 0.261111 0.021875 0.046296
1 0.807813 0.576389 0.029167 0.049074
1 0.401042 0.522222 0.026042 0.046296
1 0.476302 0.571296 0.028646 0.055556
1 0.695312 0.786574 0.085417 0.175000
1 0.348438 0.415741 0.054167 0.088889
1 0.402865 0.360185 0.022396 0.037037
1 0.464583 0.488426 0.021875 0.034259
1 0.584375 0.354630 0.017708 0.042593
1 0.717448 0.289352 0.020313 0.034259
4 0.512240 0.268519 0.194271 0.205556
1 0.553646 0.227315 0.017708 0.021296
1 0.560937 0.173611 0.019792 0.028704
1 0.484375 0.102315 0.022917 0.034259
1 0.741667 0.112037 0.031250 0.048148