8 0.448177 0.359722 0.451562 0.450926
8 0.288021 0.587963 0.111458 0.090741
0 0.332813 0.543981 0.066667 0.065741
3 0.365365 0.628704 0.103646 0.181481
10 0.717448 0.518056 0.061979 0.069444
10 0.497396 0.426852 0.028125 0.038889
3 0.470833 0.385185 0.112500 0.044444
11 0.682031 0.628241 0.069271 0.158333
11 0.590625 0.331944 0.107292 0.076852
11 0.394531 0.199537 0.128646 0.141667
0 0.843229 0.791667 0.159375 0.142593
8 0.954688 0.833333 0.088542 0.270370
3 0.505990 0.535648 0.065104 0.056481
8 0.597135 0.394444 0.072396 0.064815
0 0.071875 0.740741 0.109375 0.266667