0 0.683333 0.492130 0.157292 0.149074
1 0.535156 0.342130 0.023438 0.041667
1 0.565104 0.285648 0.021875 0.026852
1 0.635417 0.197222 0.030208 0.038889
1 0.539583 0.415278 0.026042 0.041667
1 0.636719 0.375463 0.019271 0.041667
1 0.612500 0.415741 0.034375 0.068519
4 0.842187 0.790741 0.271875 0.414815
1 0.589583 0.451852 0.029167 0.053704
1 0.698438 0.303704 0.029167 0.064815
1 0.713021 0.328704 0.034375 0.053704
1 0.691146 0.396296 0.045833 0.098148
1 0.711979 0.257407 0.028125 0.050000
1 0.814583 0.129167 0.025000 0.037963