0 0.445052 0.534259 0.134896 0.157407
1 0.335156 0.368981 0.025521 0.039815
1 0.394531 0.407870 0.022396 0.032407
1 0.378646 0.310648 0.021875 0.028704
1 0.371094 0.462037 0.022396 0.081481
4 0.574219 0.794907 0.169271 0.356481
1 0.453646 0.230093 0.029167 0.037963
1 0.327083 0.442130 0.032292 0.052778
1 0.502604 0.301852 0.023958 0.044444
1 0.485156 0.345833 0.033854 0.054630
1 0.499740 0.415278 0.040104 0.082407
1 0.532031 0.385648 0.031771 0.073148
1 0.889844 0.165278 0.026562 0.047222
1 0.686979 0.173611 0.029167 0.045370