0 0.530729 0.583333 0.110417 0.150000
4 0.633594 0.827315 0.142187 0.337963
1 0.440365 0.418981 0.023438 0.028704
1 0.540104 0.311111 0.026042 0.033333
1 0.472656 0.370833 0.019271 0.028704
1 0.492188 0.463426 0.016667 0.028704
1 0.434375 0.478704 0.018750 0.033333
1 0.472135 0.487500 0.023438 0.043519
1 0.578125 0.381944 0.017708 0.028704
1 0.564323 0.413426 0.024479 0.041667
1 0.599479 0.447685 0.025000 0.058333
1 0.573177 0.466667 0.029687 0.057407
1 0.673438 0.082407 0.028125 0.042593
1 0.734896 0.262037 0.027083 0.040741
1 0.927083 0.274074 0.025000 0.042593