0 0.498177 0.543981 0.109896 0.126852
1 0.407031 0.393519 0.021354 0.035185
1 0.506250 0.283333 0.022917 0.031481
1 0.441406 0.468981 0.021354 0.058333
4 0.602344 0.806019 0.147396 0.386111
1 0.440104 0.345370 0.021875 0.029630
1 0.406250 0.450926 0.016667 0.037037
1 0.459375 0.434259 0.018750 0.027778
1 0.546875 0.347685 0.018750 0.032407
1 0.532031 0.380556 0.027604 0.046296
1 0.573177 0.411111 0.029687 0.055556
1 0.543750 0.443981 0.026042 0.065741
1 0.648958 0.046296 0.028125 0.042593
1 0.891667 0.237037 0.025000 0.042593
1 0.707812 0.231481 0.027083 0.040741