0 0.457031 0.589815 0.103646 0.131481
1 0.473698 0.320370 0.028646 0.035185
1 0.368490 0.434722 0.019271 0.034259
4 0.561979 0.825000 0.138542 0.344444
1 0.405729 0.382407 0.019792 0.027778
1 0.367188 0.498148 0.012500 0.037037
1 0.495052 0.421759 0.025521 0.045370
1 0.535937 0.450926 0.031250 0.061111
1 0.420312 0.477315 0.016667 0.032407
1 0.401302 0.506944 0.023438 0.047222
1 0.507031 0.479167 0.027604 0.060185
1 0.509115 0.387500 0.020313 0.034259
1 0.614323 0.083333 0.028646 0.040741
1 0.673958 0.260185 0.026042 0.037037
1 0.851302 0.260185 0.025521 0.042593