0 0.304167 0.655556 0.125000 0.146296
1 0.307031 0.369907 0.026562 0.032407
1 0.195833 0.523148 0.022917 0.031481
1 0.235937 0.455093 0.017708 0.026852
1 0.248177 0.559722 0.021354 0.037963
4 0.426302 0.855556 0.147396 0.287037
1 0.192188 0.593519 0.029167 0.051852
1 0.348177 0.429167 0.020313 0.030556
1 0.231771 0.594907 0.025000 0.067593
1 0.350260 0.524537 0.032813 0.067593
1 0.380208 0.485185 0.037500 0.062963
1 0.332292 0.470370 0.035417 0.053704
4 0.765104 0.598148 0.069792 0.409259
1 0.876302 0.400926 0.027604 0.042593
1 0.658333 0.239352 0.016667 0.032407
1 0.509635 0.262037 0.023438 0.040741
1 0.445312 0.100463 0.022917 0.037963
1 0.689844 0.146296 0.086979 0.057407