0 0.167708 0.706481 0.140625 0.162963
1 0.041667 0.583333 0.030208 0.048148
1 0.165104 0.400463 0.027083 0.039815
1 0.089583 0.501852 0.022917 0.037037
1 0.044531 0.659722 0.029687 0.039815
1 0.089063 0.648611 0.044792 0.110185
1 0.209635 0.460185 0.023438 0.038889
1 0.201563 0.508796 0.031250 0.049074
1 0.226562 0.560648 0.044792 0.086111
1 0.256510 0.511111 0.039062 0.062963
1 0.539323 0.210185 0.025521 0.037037
1 0.748177 0.340278 0.030729 0.047222
1 0.392188 0.256944 0.025000 0.041667
1 0.319792 0.084722 0.026042 0.045370
4 0.653385 0.571759 0.071354 0.412037
4 0.844792 0.201389 0.309375 0.402778
1 0.558854 0.113426 0.115625 0.080556
0 0.795312 0.360648 0.255208 0.471296