0 0.098698 0.778241 0.160938 0.173148
1 0.103646 0.431019 0.033333 0.047222
1 0.206510 0.550000 0.055729 0.064815
4 0.833854 0.207870 0.329167 0.415741
1 0.725000 0.362963 0.022917 0.038889
1 0.143750 0.501389 0.026042 0.043519
1 0.127344 0.548148 0.039062 0.055556
1 0.160417 0.604167 0.043750 0.087963
4 0.625521 0.643056 0.064583 0.482407
1 0.285417 0.090278 0.023958 0.041667
1 0.355990 0.271759 0.021354 0.039815
1 0.507552 0.228704 0.019271 0.031481
1 0.542448 0.132407 0.093229 0.068519
0 0.773438 0.413426 0.255208 0.471296