11 0.406771 0.766204 0.060417 0.139815
1 0.476562 0.801852 0.031250 0.048148
1 0.077604 0.741204 0.028125 0.049074
1 0.558333 0.206481 0.015625 0.035185
1 0.887500 0.290741 0.073958 0.061111
3 0.781510 0.701852 0.043229 0.083333
1 0.814844 0.490278 0.127604 0.104630
1 0.815104 0.518056 0.031250 0.047222
11 0.642448 0.435648 0.051562 0.043519
1 0.384375 0.265741 0.019792 0.031481
1 0.777865 0.118981 0.063021 0.026852
1 0.790625 0.141204 0.064583 0.045370
4 0.723958 0.317130 0.077083 0.241667
1 0.459635 0.370833 0.099479 0.167593
1 0.749479 0.335648 0.018750 0.032407
1 0.568490 0.107870 0.009896 0.028704
1 0.381771 0.154167 0.014583 0.015741