1 0.034115 0.687037 0.045312 0.055556
1 0.603906 0.670833 0.034896 0.063889
4 0.594010 0.599074 0.265104 0.235185
11 0.399479 0.609259 0.060417 0.072222
1 0.878646 0.905093 0.087500 0.186111
1 0.402865 0.195833 0.015104 0.030556
1 0.484896 0.902778 0.036458 0.192593
1 0.580990 0.262500 0.025521 0.041667
1 0.558073 0.280093 0.026562 0.036111
1 0.341146 0.331481 0.134375 0.135185
1 0.942969 0.477315 0.113021 0.062037
1 0.603906 0.475463 0.032813 0.062037
11 0.070573 0.599537 0.086979 0.093519
1 0.496875 0.089352 0.016667 0.021296
1 0.844010 0.053241 0.026562 0.037963
1 0.967187 0.405556 0.064583 0.079630