1 0.868490 0.902778 0.150521 0.190741
1 0.583854 0.660185 0.030208 0.061111
1 0.462760 0.892130 0.038021 0.212037
1 0.931771 0.510185 0.134375 0.101852
4 0.597656 0.585648 0.218229 0.219444
1 0.050260 0.655556 0.043229 0.057407
1 0.407292 0.187037 0.014583 0.025926
1 0.573958 0.261111 0.020833 0.031481
1 0.557813 0.282407 0.017708 0.031481
11 0.391667 0.593519 0.060417 0.072222
1 0.345573 0.326389 0.128646 0.132407
1 0.592708 0.472222 0.035417 0.061111
11 0.082552 0.572685 0.077604 0.087963
1 0.501042 0.082870 0.014583 0.019444
1 0.842969 0.058796 0.030729 0.037963
1 0.958594 0.427778 0.081771 0.105556