11 0.385156 0.778704 0.059896 0.088889
1 0.024740 0.843056 0.046354 0.063889
1 0.590365 0.881944 0.038021 0.058333
1 0.403646 0.290278 0.015625 0.025000
4 0.584635 0.795833 0.272396 0.245370
1 0.580208 0.382407 0.023958 0.038889
1 0.559115 0.403241 0.017188 0.028704
0 0.778125 0.019444 0.032292 0.037037
1 0.338802 0.452315 0.132812 0.147222
1 0.745573 0.072685 0.023438 0.030556
1 0.854948 0.154630 0.028646 0.038889
1 0.597656 0.637963 0.033854 0.066667
11 0.062240 0.722222 0.083854 0.118519
1 0.500781 0.167593 0.016146 0.022222
5 0.193229 0.229630 0.055208 0.050000
1 0.970573 0.596296 0.057813 0.107407
1 0.943750 0.668519 0.111458 0.062963