0 0.581771 0.120370 0.063542 0.111111
0 0.795312 0.118056 0.043750 0.052778
1 0.375521 0.553704 0.020833 0.031481
1 0.790104 0.493981 0.032292 0.039815
1 0.656510 0.713426 0.032813 0.054630
1 0.634375 0.756019 0.039583 0.045370
5 0.056510 0.473611 0.065104 0.075000
1 0.061979 0.412037 0.076042 0.035185
1 0.937760 0.303704 0.030729 0.044444
1 0.117708 0.323611 0.018750 0.017593
1 0.306771 0.880556 0.210417 0.237037
1 0.768229 0.188426 0.025000 0.034259
1 0.485156 0.341204 0.024479 0.028704
1 0.269010 0.233796 0.016146 0.021296
1 0.102083 0.289352 0.027083 0.026852
1 0.075521 0.278241 0.018750 0.025000