0 0.617969 0.273611 0.065104 0.113889
0 0.832292 0.284259 0.045833 0.050000
5 0.104948 0.625926 0.063021 0.083333
1 0.108594 0.553241 0.075521 0.036111
1 0.419271 0.750926 0.021875 0.040741
1 0.834896 0.728704 0.036458 0.051852
1 0.700260 0.965278 0.033854 0.065741
1 0.982031 0.519907 0.027604 0.034259
1 0.807031 0.361574 0.020313 0.025000
1 0.163281 0.458333 0.020313 0.033333
1 0.523438 0.510185 0.022917 0.035185
1 0.307812 0.364352 0.015625 0.019444
1 0.145573 0.416667 0.020313 0.029630
1 0.120313 0.402315 0.020833 0.026852
1 0.384115 0.274537 0.015104 0.017593