1 0.175781 0.671759 0.105729 0.058333
1 0.232292 0.524074 0.016667 0.022222
5 0.191927 0.781019 0.082812 0.134259
1 0.700521 0.945370 0.035417 0.053704
0 0.802865 0.236574 0.078646 0.137963
1 0.188542 0.467593 0.017708 0.025926
1 0.749740 0.562500 0.034896 0.045370
1 0.395052 0.375000 0.019271 0.025926
1 0.469010 0.256481 0.019271 0.024074
1 0.153125 0.444907 0.025000 0.032407
1 0.417187 0.133333 0.034375 0.050000
1 0.746875 0.136111 0.016667 0.018519
1 0.743229 0.172685 0.021875 0.034259
1 0.724740 0.198148 0.046354 0.057407