3 0.072917 0.820370 0.096875 0.353704
1 0.330990 0.800000 0.036979 0.064815
1 0.328906 0.339815 0.088021 0.029630
1 0.623437 0.785648 0.032292 0.056481
1 0.729427 0.406481 0.022396 0.035185
1 0.850260 0.317130 0.024479 0.030556
4 0.698698 0.487037 0.085938 0.124074
4 0.590885 0.434722 0.191146 0.132407
1 0.140885 0.449537 0.042188 0.060185
1 0.030208 0.803241 0.050000 0.091667
1 0.538021 0.152315 0.026042 0.034259
1 0.664323 0.173611 0.025521 0.034259
1 0.835156 0.231481 0.032813 0.037037
1 0.595573 0.231019 0.025521 0.030556
1 0.899219 0.223148 0.071354 0.070370