1 0.503385 0.550926 0.110937 0.162963
3 0.645312 0.390741 0.055208 0.148148
1 0.633594 0.354630 0.017188 0.024074
1 0.717448 0.243056 0.018229 0.032407
1 0.781771 0.507407 0.026042 0.035185
1 0.584635 0.763426 0.030729 0.050926
1 0.372135 0.268056 0.020313 0.036111
1 0.983333 0.862500 0.031250 0.045370
1 0.866667 0.264352 0.079167 0.058333
8 0.117708 0.237037 0.110417 0.090741
1 0.280990 0.064352 0.021354 0.032407
1 0.203906 0.187500 0.017188 0.030556
1 0.286198 0.175463 0.013021 0.028704
1 0.565365 0.056944 0.018229 0.023148