1 0.190885 0.675000 0.309896 0.179630
3 0.152604 0.344907 0.115625 0.076852
8 0.370833 0.312963 0.113542 0.101852
1 0.714063 0.455556 0.033333 0.050000
1 0.475000 0.275463 0.016667 0.026852
1 0.546094 0.099537 0.018229 0.032407
1 0.571094 0.264815 0.014063 0.031481
1 0.097656 0.728241 0.077604 0.115741
3 0.074219 0.446759 0.126562 0.141667
1 0.969792 0.153704 0.038542 0.046296
1 0.339323 0.102315 0.017188 0.028704
1 0.466667 0.094907 0.015625 0.021296
1 0.042708 0.219444 0.032292 0.050000
1 0.283073 0.074537 0.022396 0.032407