1 0.399740 0.611574 0.245312 0.206481
1 0.964844 0.598611 0.044271 0.065741
1 0.183854 0.657407 0.033333 0.050000
1 0.164062 0.484259 0.026042 0.037037
3 0.377865 0.294907 0.097396 0.073148
3 0.308333 0.351389 0.097917 0.080556
8 0.579167 0.322685 0.118750 0.123148
1 0.687500 0.313889 0.020833 0.035185
1 0.777604 0.148148 0.026042 0.031481
1 0.795573 0.334259 0.018229 0.031481
1 0.318750 0.600463 0.055208 0.117593
1 0.131250 0.402315 0.023958 0.049074
1 0.557552 0.114352 0.018229 0.026852
1 0.062500 0.295833 0.028125 0.032407
1 0.166667 0.231019 0.021875 0.026852
1 0.303125 0.156481 0.018750 0.031481
1 0.688021 0.128704 0.015625 0.025926
1 0.506510 0.078241 0.020313 0.030556