3 0.537240 0.305093 0.089063 0.091667
3 0.465625 0.335648 0.082292 0.062037
1 0.327083 0.422222 0.025000 0.027778
1 0.321094 0.586574 0.030729 0.036111
1 0.530990 0.631019 0.229687 0.295370
8 0.761719 0.385648 0.153646 0.175000
1 0.899740 0.412037 0.030729 0.040741
1 0.309375 0.331944 0.026042 0.030556
1 0.447135 0.577315 0.046354 0.136111
1 0.755469 0.148148 0.021354 0.029630
1 0.269792 0.228241 0.020833 0.030556
1 0.357031 0.191667 0.016146 0.022222
1 0.480208 0.147222 0.013542 0.029630
1 0.919271 0.193981 0.018750 0.025000
1 0.701042 0.100463 0.020833 0.028704