8 0.721094 0.431944 0.156771 0.186111
1 0.864844 0.467130 0.029687 0.043519
1 0.476302 0.701852 0.221354 0.346296
1 0.258073 0.646759 0.031771 0.039815
1 0.273438 0.461574 0.022917 0.028704
3 0.500781 0.334722 0.084896 0.097222
3 0.422135 0.374074 0.083854 0.066667
1 0.394010 0.648611 0.041146 0.162037
1 0.731250 0.165741 0.018750 0.027778
1 0.260156 0.362963 0.033854 0.057407
1 0.229167 0.248611 0.020833 0.030556
1 0.323698 0.207870 0.016146 0.026852
1 0.452604 0.161111 0.014583 0.027778
1 0.898698 0.218981 0.019271 0.026852
1 0.677604 0.117130 0.020833 0.028704