1 0.181250 0.543056 0.029167 0.039815
1 0.132812 0.784259 0.041667 0.053704
1 0.179688 0.425463 0.030208 0.037963
3 0.445833 0.401389 0.093750 0.119444
3 0.357031 0.436111 0.098437 0.066667
8 0.684115 0.543519 0.183854 0.242593
1 0.377344 0.820833 0.213021 0.356481
1 0.278906 0.797685 0.052604 0.226852
1 0.848698 0.616667 0.035937 0.035185
1 0.715365 0.211111 0.021354 0.024074
1 0.170313 0.281019 0.027083 0.037963
1 0.272917 0.236574 0.019792 0.028704
1 0.414323 0.190741 0.020313 0.031481
1 0.903385 0.280556 0.023438 0.033333
1 0.660156 0.144907 0.020313 0.028704
1 0.308854 0.164352 0.054167 0.054630
1 0.349479 0.186111 0.056250 0.031481
1 0.475260 0.125000 0.016146 0.025926
1 0.416667 0.057870 0.018750 0.023148