3 0.493229 0.462500 0.100000 0.171296
3 0.380469 0.485185 0.101562 0.061111
1 0.196615 0.555093 0.028646 0.032407
1 0.221094 0.414352 0.023438 0.030556
1 0.837760 0.306481 0.028646 0.037037
8 0.736719 0.768519 0.241146 0.383333
1 0.100781 0.809722 0.047396 0.060185
1 0.319531 0.845370 0.143229 0.305556
1 0.228906 0.866667 0.049479 0.224074
1 0.775521 0.200463 0.019792 0.026852
1 0.958073 0.959722 0.048438 0.071296
1 0.244271 0.253704 0.031250 0.040741
1 0.343490 0.227315 0.026562 0.034259
1 0.489063 0.201389 0.025000 0.037963
1 0.400000 0.154167 0.056250 0.052778
1 0.440885 0.183333 0.063021 0.031481
1 0.568229 0.137963 0.019792 0.024074
1 0.521094 0.054630 0.019271 0.020370