3 0.663542 0.573148 0.096875 0.248148
3 0.529687 0.542130 0.105208 0.065741
1 0.371094 0.845370 0.117188 0.307407
1 0.302083 0.902315 0.085417 0.152778
1 0.709375 0.264352 0.021875 0.030556
1 0.233854 0.719444 0.032292 0.042593
1 0.354167 0.506944 0.027083 0.034259
1 0.401823 0.382407 0.028646 0.046296
1 0.452865 0.230093 0.025521 0.036111
1 0.548177 0.237500 0.023438 0.041667
1 0.830990 0.218519 0.029687 0.042593
1 0.213021 0.315741 0.018750 0.025926
1 0.623958 0.166667 0.065625 0.042593
1 0.657552 0.215278 0.067187 0.037963
1 0.782552 0.094907 0.025521 0.026852