3 0.678906 0.645370 0.108854 0.288889
3 0.535677 0.600926 0.119271 0.072222
1 0.364323 0.886111 0.090104 0.224074
1 0.215625 0.792130 0.036458 0.049074
1 0.345833 0.560185 0.026042 0.035185
1 0.451042 0.256481 0.019792 0.025926
1 0.553125 0.263889 0.015625 0.027778
1 0.721354 0.300463 0.021875 0.032407
1 0.400000 0.431481 0.035417 0.050000
1 0.841927 0.244907 0.034896 0.047222
1 0.202865 0.343981 0.016146 0.021296
1 0.632031 0.189352 0.070312 0.043519
1 0.669531 0.245833 0.073438 0.036111
1 0.794792 0.118519 0.026042 0.033333