1 0.201042 0.873148 0.055208 0.088889
1 0.139844 0.635185 0.047396 0.075926
1 0.085156 0.517130 0.045312 0.056481
1 0.339583 0.499074 0.051042 0.059259
1 0.929688 0.805093 0.055208 0.084259
1 0.124219 0.343056 0.034896 0.050926
1 0.231250 0.388889 0.036458 0.044444
1 0.282813 0.379167 0.036458 0.043519
1 0.766406 0.431944 0.038021 0.052778
1 0.699740 0.220833 0.093229 0.050926
1 0.727083 0.390278 0.034375 0.050926
1 0.683594 0.279630 0.035937 0.035185
1 0.554688 0.077315 0.023958 0.030556
1 0.631771 0.095833 0.033333 0.043519
1 0.812500 0.138426 0.031250 0.037963
8 0.726562 0.199537 0.104167 0.065741