1 0.376302 0.899074 0.048438 0.053704
1 0.839063 0.833333 0.036458 0.057407
1 0.798438 0.788426 0.037500 0.065741
1 0.752344 0.663889 0.040104 0.048148
1 0.098177 0.875463 0.046354 0.050926
1 0.154948 0.679630 0.040104 0.051852
1 0.263542 0.743519 0.039583 0.051852
1 0.319792 0.745370 0.043750 0.053704
1 0.620313 0.433796 0.027083 0.028704
1 0.701302 0.456019 0.023438 0.030556
1 0.888542 0.500463 0.019792 0.028704
1 0.618750 0.367593 0.025000 0.024074
1 0.772135 0.596296 0.098437 0.055556
8 0.800781 0.568519 0.101562 0.068519