1 0.105469 0.796296 0.067187 0.105556
1 0.043750 0.628241 0.045833 0.073148
1 0.110937 0.406019 0.040625 0.056481
1 0.243750 0.463426 0.044792 0.060185
1 0.303646 0.457870 0.044792 0.060185
1 0.382292 0.638426 0.068750 0.065741
1 0.915365 0.564815 0.035937 0.062963
1 0.867448 0.517130 0.034896 0.052778
1 0.802604 0.373148 0.037500 0.035185
1 0.816146 0.302778 0.106250 0.064815
1 0.929427 0.218519 0.032813 0.037037
1 0.723698 0.150000 0.035937 0.044444
1 0.634115 0.125463 0.028646 0.049074
1 0.629948 0.061111 0.030729 0.038889
8 0.844531 0.276389 0.120313 0.076852