1 0.079687 0.806944 0.067708 0.100926
1 0.020573 0.642593 0.041146 0.081481
1 0.076042 0.434722 0.044792 0.056481
1 0.210938 0.480556 0.041667 0.059259
1 0.275000 0.472222 0.051042 0.057407
1 0.359375 0.639352 0.071875 0.076852
1 0.891146 0.542593 0.039583 0.055556
1 0.841667 0.496759 0.039583 0.060185
1 0.773698 0.366204 0.047396 0.030556
1 0.782031 0.299074 0.106771 0.059259
1 0.687240 0.164352 0.032813 0.041667
1 0.594531 0.147685 0.028646 0.041667
1 0.590104 0.087963 0.032292 0.035185
1 0.890104 0.213426 0.030208 0.041667
8 0.808073 0.275000 0.117188 0.070370