1 0.458594 0.479167 0.041146 0.063889
1 0.664583 0.518056 0.037500 0.050926
1 0.151562 0.506019 0.033333 0.050926
1 0.179167 0.528704 0.026042 0.053704
1 0.030990 0.652778 0.036979 0.057407
1 0.777344 0.917593 0.048438 0.079630
1 0.852604 0.973148 0.058333 0.050000
1 0.324479 0.229630 0.034375 0.046296
1 0.253385 0.261111 0.026562 0.033333
1 0.209635 0.226852 0.023438 0.024074
1 0.885677 0.327778 0.029687 0.048148
1 0.535417 0.263889 0.028125 0.038889
1 0.029687 0.258333 0.030208 0.046296
1 0.707031 0.157407 0.025521 0.040741
1 0.893750 0.236111 0.028125 0.038889
1 0.973177 0.482407 0.024479 0.033333
1 0.321875 0.972685 0.052083 0.052778
2 0.423958 0.868056 0.052083 0.062037
3 0.498958 0.458796 0.033333 0.065741
8 0.711979 0.096759 0.102083 0.087963
1 0.176042 0.154630 0.032292 0.044444
1 0.792188 0.308796 0.025000 0.041667