3 0.519792 0.680556 0.035417 0.066667
1 0.475000 0.704167 0.046875 0.086111
1 0.321354 0.363426 0.033333 0.052778
1 0.242188 0.409259 0.029167 0.040741
1 0.192708 0.359722 0.027083 0.041667
1 0.119271 0.725926 0.041667 0.061111
1 0.153646 0.764352 0.032292 0.052778
1 0.712500 0.751389 0.038542 0.054630
1 0.558854 0.412963 0.033333 0.042593
1 0.951823 0.489352 0.035937 0.052778
1 0.955990 0.371296 0.029687 0.046296
1 0.851042 0.471296 0.029167 0.046296
8 0.757292 0.197685 0.120833 0.095370
1 0.154427 0.261574 0.035937 0.052778
1 0.750521 0.271759 0.036458 0.050926
4 0.317708 0.251852 0.138542 0.137037
11 0.138802 0.109259 0.084896 0.092593
11 0.451823 0.080093 0.098437 0.100926
1 0.735938 0.032870 0.019792 0.030556