1 0.131250 0.395833 0.030208 0.045370
1 0.169271 0.513426 0.030208 0.047222
1 0.222656 0.574074 0.030729 0.042593
1 0.309635 0.525926 0.040104 0.057407
1 0.573438 0.581944 0.037500 0.045370
1 0.483854 0.947222 0.055208 0.100000
3 0.534896 0.913889 0.039583 0.083333
1 0.084115 0.962963 0.047396 0.061111
1 0.749479 0.979167 0.039583 0.037963
8 0.785417 0.314352 0.129167 0.113889
4 0.311458 0.405556 0.138542 0.137037
1 0.779687 0.403704 0.037500 0.057407
1 0.894531 0.643056 0.029687 0.050926
11 0.122135 0.209259 0.094271 0.100000
11 0.447917 0.175000 0.106250 0.120370
1 0.755208 0.117593 0.020833 0.035185