1 0.860417 0.848611 0.081250 0.160185
1 0.871615 0.711574 0.129688 0.158333
1 0.430469 0.443519 0.059896 0.077778
1 0.367448 0.898148 0.040104 0.059259
1 0.695312 0.128704 0.038542 0.059259
1 0.869010 0.240278 0.028646 0.041667
1 0.858333 0.325926 0.045833 0.127778
1 0.985417 0.386574 0.027083 0.052778
1 0.376823 0.068981 0.023438 0.039815
1 0.642188 0.079630 0.058333 0.100000
1 0.614062 0.158796 0.127083 0.045370
6 0.314583 0.419907 0.095833 0.062037
6 0.590365 0.518519 0.171354 0.070370
1 0.571354 0.051389 0.035417 0.037963
1 0.568750 0.037037 0.031250 0.025926
1 0.896615 0.425926 0.055729 0.081481
1 0.713542 0.113889 0.025000 0.040741
1 0.689844 0.098611 0.022396 0.015741
1 0.870052 0.220370 0.014063 0.016667
1 0.787760 0.181481 0.030729 0.094444
4 0.750000 0.175926 0.029167 0.027778