1 0.824740 0.861574 0.141146 0.176852
1 0.375000 0.557407 0.058333 0.092593
1 0.665104 0.212500 0.038542 0.062037
1 0.831250 0.422222 0.045833 0.146296
1 0.844271 0.331944 0.031250 0.047222
1 0.964583 0.499074 0.031250 0.055556
1 0.345833 0.145370 0.027083 0.046296
1 0.412760 0.056019 0.048438 0.045370
1 0.612760 0.160185 0.048438 0.090741
1 0.543750 0.127778 0.026042 0.027778
1 0.813021 0.968981 0.088542 0.058333
6 0.544792 0.651852 0.168750 0.077778
1 0.764062 0.267593 0.029167 0.098148
1 0.577344 0.245833 0.117188 0.049074
6 0.261198 0.534259 0.100521 0.055556
1 0.542969 0.117130 0.021354 0.017593
1 0.864323 0.536111 0.055729 0.081481
1 0.685677 0.198611 0.029687 0.045370
1 0.658594 0.181019 0.024479 0.021296
1 0.846875 0.312037 0.016667 0.025926
1 0.970833 0.105556 0.056250 0.068519
4 0.725521 0.267130 0.029167 0.028704
1 0.703385 0.039352 0.032813 0.034259