6 0.509375 0.698148 0.177083 0.083333
1 0.793750 0.899537 0.154167 0.195370
1 0.942708 0.527778 0.033333 0.061111
1 0.839323 0.571296 0.055729 0.081481
1 0.806771 0.457870 0.043750 0.143519
1 0.338802 0.593056 0.065104 0.100926
1 0.642448 0.237963 0.036979 0.062963
1 0.591927 0.179630 0.053646 0.092593
1 0.546875 0.273611 0.111458 0.037963
6 0.225521 0.569907 0.088542 0.056481
1 0.739844 0.298611 0.029687 0.106481
1 0.823958 0.364352 0.031250 0.039815
1 0.322135 0.168056 0.027604 0.045370
1 0.393750 0.076852 0.052083 0.044444
1 0.519271 0.149537 0.031250 0.037963
1 0.519531 0.137037 0.024479 0.025926
1 0.826302 0.338426 0.015104 0.019444
1 0.662240 0.221759 0.032813 0.039815
1 0.634635 0.206944 0.023438 0.019444
1 0.961979 0.118056 0.068750 0.063889
4 0.702344 0.293981 0.031771 0.032407
1 0.685156 0.058333 0.032813 0.040741