1 0.768750 0.905093 0.155208 0.186111
1 0.782552 0.461574 0.047396 0.150926
1 0.799740 0.359722 0.029687 0.041667
1 0.617708 0.239352 0.035417 0.062037
6 0.477865 0.706944 0.175521 0.076852
1 0.316406 0.612963 0.056771 0.085185
6 0.197135 0.583333 0.097396 0.059259
1 0.920573 0.529630 0.031771 0.057407
1 0.565885 0.185185 0.052604 0.100000
1 0.520052 0.280093 0.109896 0.043519
1 0.369531 0.081481 0.047396 0.048148
1 0.298698 0.179167 0.023438 0.039815
1 0.715625 0.293981 0.031250 0.106481
1 0.496615 0.150000 0.035937 0.042593
1 0.493750 0.137037 0.028125 0.025926
1 0.816406 0.576852 0.055729 0.081481
1 0.803646 0.339815 0.017708 0.018519
1 0.636979 0.223611 0.034375 0.041667
1 0.609115 0.206019 0.023438 0.019444
1 0.948958 0.114815 0.081250 0.070370
4 0.676562 0.294907 0.037500 0.034259
1 0.662760 0.056944 0.035937 0.036111