6 0.377604 0.823148 0.182292 0.083333
1 0.216927 0.728704 0.050521 0.085185
6 0.106510 0.698611 0.075521 0.050926
1 0.741667 0.657407 0.064583 0.075926
1 0.707292 0.517593 0.047917 0.174074
1 0.727083 0.412963 0.033333 0.048148
1 0.638802 0.349074 0.030729 0.116667
1 0.536198 0.300000 0.039062 0.066667
1 0.485677 0.242130 0.056771 0.102778
1 0.440625 0.343519 0.129167 0.070370
1 0.217188 0.256019 0.027083 0.041667
1 0.292187 0.146296 0.046875 0.046296
1 0.857292 0.592130 0.034375 0.063889
1 0.942448 0.273611 0.027604 0.043519
1 0.720833 0.968056 0.100000 0.060185
1 0.964583 0.790741 0.038542 0.059259
1 0.414583 0.210185 0.039583 0.044444
1 0.413802 0.195833 0.025521 0.032407
2 0.946354 0.640741 0.106250 0.101852
4 0.588021 0.355093 0.038542 0.037963
1 0.553125 0.279167 0.031250 0.039815
1 0.524740 0.269444 0.023438 0.018519
1 0.731771 0.391204 0.016667 0.019444
1 0.888542 0.125463 0.082292 0.060185
1 0.591146 0.095370 0.033333 0.040741