1 0.934635 0.818056 0.042188 0.063889
1 0.826302 0.604167 0.038021 0.062037
1 0.701823 0.669444 0.061979 0.079630
1 0.673438 0.515278 0.045833 0.195370
1 0.699219 0.410185 0.035937 0.048148
1 0.502604 0.284722 0.038542 0.065741
1 0.401042 0.332407 0.129167 0.057407
1 0.455208 0.220370 0.058333 0.111111
1 0.166927 0.713426 0.054688 0.112037
1 0.183854 0.227778 0.028125 0.048148
1 0.263802 0.115278 0.048438 0.050926
6 0.338021 0.827778 0.164583 0.090741
1 0.604167 0.334259 0.036458 0.118519
1 0.923177 0.271296 0.029687 0.048148
2 0.930729 0.677778 0.107292 0.122222
1 0.383594 0.185185 0.033854 0.046296
1 0.382292 0.174074 0.026042 0.025926
4 0.549740 0.343519 0.026562 0.035185
1 0.701562 0.386111 0.017708 0.024074
1 0.874479 0.113889 0.080208 0.055556
1 0.520052 0.264352 0.030729 0.043519
1 0.491406 0.253704 0.028646 0.024074
1 0.568750 0.071759 0.035417 0.041667