1 0.356250 0.682870 0.083333 0.210185
1 0.271354 0.886574 0.165625 0.076852
1 0.400000 0.829630 0.053125 0.100000
1 0.380990 0.789815 0.047396 0.057407
1 0.422135 0.813426 0.042188 0.067593
1 0.270313 0.586574 0.034375 0.050926
1 0.261458 0.571759 0.031250 0.047222
1 0.150260 0.405093 0.047396 0.075000
1 0.553385 0.910185 0.051562 0.175926
4 0.469010 0.951852 0.060937 0.064815
1 0.525781 0.371296 0.038021 0.051852
1 0.735156 0.212500 0.026562 0.036111
1 0.038021 0.588889 0.031250 0.061111
11 0.806510 0.567593 0.104688 0.092593
1 0.930469 0.439815 0.097396 0.079630
1 0.987760 0.766667 0.021354 0.072222
3 0.565885 0.289815 0.047396 0.120370
1 0.632031 0.389352 0.100521 0.050926