1 0.457031 0.675463 0.073438 0.160185
1 0.517708 0.732870 0.057292 0.184259
4 0.294792 0.724074 0.303125 0.224074
1 0.294010 0.409722 0.134896 0.054630
3 0.688281 0.416204 0.030729 0.047222
6 0.666667 0.446759 0.052083 0.178704
1 0.616927 0.613426 0.042188 0.034259
4 0.773698 0.571759 0.361979 0.326852
4 0.442188 0.935648 0.117708 0.123148
1 0.116667 0.624537 0.120833 0.125000
1 0.142448 0.522222 0.215104 0.192593
6 0.116406 0.792593 0.128646 0.077778
6 0.145313 0.832407 0.131250 0.062963
6 0.909635 0.736111 0.111979 0.100000
1 0.404687 0.205556 0.066667 0.087037
4 0.198177 0.341204 0.076563 0.060185
4 0.182812 0.280556 0.057292 0.055556
4 0.666667 0.176389 0.104167 0.119444
3 0.264062 0.369444 0.063542 0.087037
1 0.267969 0.315278 0.053646 0.062037
1 0.308594 0.382870 0.022396 0.037963
1 0.224479 0.110648 0.064583 0.058333
1 0.324479 0.105556 0.080208 0.062963
1 0.631771 0.103704 0.027083 0.035185
1 0.246875 0.241204 0.023958 0.034259
0 0.846094 0.375000 0.048438 0.068519