1 0.237760 0.620833 0.157812 0.063889
3 0.197656 0.557870 0.060937 0.112037
1 0.210938 0.477778 0.057292 0.074074
4 0.133594 0.412500 0.065104 0.069444
1 0.377604 0.330556 0.084375 0.098148
3 0.720573 0.666667 0.029687 0.077778
6 0.693490 0.726852 0.074479 0.311111
1 0.082292 0.740741 0.162500 0.118519
1 0.040365 0.925926 0.080729 0.144444
1 0.623437 0.970370 0.055208 0.057407
4 0.688802 0.298611 0.130729 0.175000
4 0.901823 0.828241 0.170313 0.341667
4 0.311198 0.962963 0.184896 0.074074
4 0.128385 0.510185 0.085938 0.070370
1 0.178646 0.188426 0.066667 0.050926
1 0.292969 0.187500 0.078646 0.069444
3 0.436198 0.463889 0.034896 0.037037
3 0.591406 0.285185 0.042188 0.029630
1 0.647917 0.202778 0.032292 0.046296
1 0.194531 0.368519 0.023438 0.035185
0 0.626302 0.334259 0.085938 0.075926
0 0.662240 0.305093 0.034896 0.019444
0 0.909115 0.593056 0.066146 0.106481