1 0.361979 0.477778 0.094792 0.120370
1 0.200521 0.840741 0.178125 0.068519
3 0.156250 0.763426 0.072917 0.134259
1 0.172917 0.665741 0.061458 0.092593
4 0.712500 0.447685 0.146875 0.217593
3 0.748437 0.931481 0.032292 0.100000
4 0.085938 0.692130 0.082292 0.086111
6 0.702865 0.896296 0.053646 0.203704
1 0.271875 0.291667 0.086458 0.077778
1 0.157031 0.291667 0.097396 0.077778
3 0.601562 0.426852 0.042708 0.025926
3 0.424219 0.650000 0.036979 0.048148
4 0.092969 0.564815 0.077604 0.090741
1 0.662500 0.327778 0.032292 0.046296
1 0.159375 0.516667 0.027083 0.046296
0 0.641146 0.489815 0.093750 0.081481
0 0.682292 0.452778 0.037500 0.024074
0 0.960417 0.834259 0.077083 0.135185