1 0.563281 0.588889 0.130729 0.101852
1 0.290885 0.891667 0.179688 0.103704
1 0.324479 0.699537 0.084375 0.112037
1 0.428646 0.273148 0.107292 0.044444
1 0.535156 0.331944 0.104688 0.058333
3 0.266146 0.775000 0.093750 0.127778
4 0.236458 0.673148 0.083333 0.101852
4 0.281250 0.528241 0.080208 0.060185
1 0.354948 0.523611 0.023438 0.037963
1 0.180990 0.471296 0.167187 0.103704
1 0.072135 0.899537 0.117188 0.106481
1 0.169010 0.256944 0.103646 0.067593
3 0.578646 0.825000 0.032292 0.061111
0 0.855208 0.759259 0.103125 0.109259
3 0.831510 0.657870 0.044271 0.047222
4 0.942187 0.755556 0.107292 0.331481
1 0.922917 0.576852 0.037500 0.057407
0 0.906771 0.732870 0.044792 0.043519