4 0.747656 0.505093 0.119271 0.282407
1 0.721615 0.346759 0.035937 0.047222
3 0.633333 0.444444 0.046875 0.040741
0 0.650000 0.529630 0.078125 0.090741
1 0.372917 0.434259 0.116667 0.109259
1 0.130729 0.768519 0.168750 0.072222
3 0.105208 0.672222 0.078125 0.131481
1 0.145313 0.593981 0.068750 0.108333
1 0.041146 0.407407 0.082292 0.112963
1 0.230990 0.180093 0.099479 0.052778
1 0.334635 0.209722 0.097396 0.065741
3 0.395052 0.637963 0.032813 0.042593
4 0.102865 0.447222 0.093229 0.081481
4 0.065625 0.588426 0.068750 0.097222
1 0.177604 0.422685 0.029167 0.041667
0 0.713542 0.492593 0.044792 0.038889