1 0.919271 0.821296 0.126042 0.205556
8 0.922656 0.804167 0.070312 0.119444
3 0.209896 0.929167 0.037500 0.095370
0 0.463802 0.790741 0.072396 0.159259
1 0.252344 0.295370 0.031771 0.044444
4 0.281510 0.420833 0.113021 0.197222
1 0.813021 0.241667 0.031250 0.040741
11 0.580469 0.851389 0.023438 0.052778
1 0.806771 0.501852 0.033333 0.035185
1 0.766927 0.409722 0.024479 0.052778
1 0.729688 0.448148 0.036458 0.044444
11 0.662760 0.240741 0.099479 0.048148
11 0.751042 0.295833 0.050000 0.054630
6 0.850521 0.107407 0.082292 0.068519
6 0.183333 0.883796 0.066667 0.225000
6 0.170573 0.885648 0.032813 0.171296
0 0.199479 0.475000 0.095833 0.081481
0 0.246094 0.423611 0.035937 0.030556
3 0.174740 0.411111 0.045312 0.027778
11 0.717187 0.199074 0.101042 0.040741
1 0.895573 0.360648 0.028646 0.034259
4 0.954688 0.500000 0.030208 0.062963
4 0.945312 0.706019 0.072917 0.113889