1 0.761458 0.708333 0.090625 0.192593
8 0.782292 0.696759 0.070833 0.119444
4 0.150781 0.426852 0.104688 0.185185
1 0.122135 0.317130 0.030729 0.039815
0 0.334375 0.763889 0.064583 0.120370
4 0.376563 0.932407 0.051042 0.133333
0 0.207813 0.874537 0.096875 0.087963
3 0.100000 0.930093 0.031250 0.097222
6 0.077344 0.892130 0.051562 0.212037
6 0.060937 0.893519 0.027083 0.157407
1 0.666667 0.176852 0.028125 0.042593
11 0.605729 0.239815 0.048958 0.050000
11 0.517969 0.198611 0.099479 0.052778
6 0.702604 0.040278 0.085417 0.063889
1 0.660937 0.429630 0.025000 0.031481
1 0.620573 0.348611 0.028646 0.047222
0 0.081250 0.507407 0.095833 0.081481
0 0.120573 0.442130 0.033854 0.030556
3 0.055729 0.441204 0.041667 0.034259
11 0.444010 0.792130 0.023438 0.052778
11 0.575521 0.150000 0.101042 0.040741
1 0.585938 0.387037 0.036458 0.044444
1 0.748698 0.282870 0.028646 0.034259
1 0.861458 0.467593 0.033333 0.042593
4 0.809896 0.401852 0.030208 0.062963
4 0.804427 0.597222 0.079687 0.105556