8 0.456771 0.553704 0.064583 0.107407
1 0.441146 0.566204 0.094792 0.162037
1 0.496615 0.871759 0.053646 0.086111
3 0.640885 0.952315 0.072396 0.087963
8 0.919792 0.078241 0.097917 0.156481
4 0.783333 0.274537 0.150000 0.104630
1 0.312240 0.130556 0.026562 0.044444
1 0.692187 0.031019 0.032292 0.039815
3 0.822656 0.818981 0.084896 0.141667
4 0.928906 0.810185 0.141146 0.116667
4 0.097396 0.919444 0.082292 0.157407
0 0.058333 0.776852 0.066667 0.090741
11 0.182292 0.196296 0.076042 0.055556
11 0.259375 0.211111 0.044792 0.042593
4 0.461719 0.475463 0.060937 0.063889
3 0.922656 0.653704 0.013021 0.066667
3 0.967708 0.671759 0.014583 0.095370
1 0.397656 0.194907 0.028646 0.034259
4 0.460938 0.282407 0.030208 0.062963
1 0.321354 0.361574 0.030208 0.039815
1 0.280990 0.301852 0.022396 0.046296
1 0.512500 0.327778 0.033333 0.042593
11 0.158594 0.759259 0.020313 0.046296