8 0.386198 0.589352 0.063021 0.108333
1 0.370312 0.602778 0.092708 0.161111
4 0.396615 0.506944 0.060937 0.063889
1 0.420312 0.906019 0.056250 0.082407
1 0.252865 0.167130 0.028646 0.045370
1 0.631771 0.056481 0.032292 0.044444
4 0.715104 0.285648 0.135417 0.082407
8 0.858073 0.090741 0.106771 0.181481
4 0.882031 0.770370 0.185938 0.257407
4 0.047656 0.939352 0.073438 0.115741
6 0.282552 0.030556 0.080729 0.057407
11 0.123958 0.230556 0.076042 0.055556
11 0.198437 0.250000 0.044792 0.042593
3 0.902604 0.707870 0.014583 0.095370
3 0.856510 0.686111 0.013021 0.066667
3 0.750260 0.854167 0.084896 0.141667
4 0.396354 0.312963 0.030208 0.062963
1 0.333073 0.230093 0.028646 0.034259
1 0.257292 0.397685 0.030208 0.039815
1 0.219010 0.339815 0.022396 0.046296
1 0.446875 0.358333 0.033333 0.042593
11 0.091406 0.796296 0.020313 0.046296