8 0.507031 0.644444 0.068229 0.118519
1 0.486979 0.653704 0.089583 0.185185
1 0.395573 0.164352 0.029687 0.047222
1 0.791406 0.117593 0.029687 0.042593
4 0.870313 0.387037 0.153125 0.100000
1 0.388021 0.408333 0.029167 0.037037
1 0.352344 0.337037 0.022396 0.046296
1 0.516927 0.971296 0.059896 0.055556
0 0.086979 0.785185 0.070833 0.118519
11 0.259115 0.210185 0.089063 0.057407
11 0.339323 0.239352 0.047396 0.043519
11 0.188281 0.796296 0.020313 0.046296
6 0.436198 0.031944 0.086979 0.062037
4 0.534375 0.350000 0.030208 0.062963
8 0.983854 0.129167 0.030208 0.162037
1 0.476302 0.246296 0.028646 0.033333
1 0.583854 0.402778 0.033333 0.042593
4 0.524740 0.560648 0.060937 0.063889
4 0.126042 0.942593 0.047917 0.114815