1 0.465625 0.669444 0.112500 0.181481
8 0.475521 0.657870 0.070833 0.121296
1 0.776302 0.125463 0.031771 0.043519
1 0.378385 0.168056 0.029687 0.047222
1 0.455469 0.255556 0.028646 0.033333
11 0.239063 0.218519 0.088542 0.059259
11 0.319531 0.246759 0.048438 0.045370
4 0.844271 0.392130 0.145833 0.095370
4 0.512500 0.360185 0.033333 0.070370
4 0.094010 0.938889 0.041146 0.114815
0 0.062760 0.799537 0.060937 0.106481
1 0.331771 0.346296 0.021875 0.044444
1 0.362500 0.421759 0.030208 0.039815
6 0.420052 0.031944 0.088021 0.063889
1 0.561979 0.413889 0.033333 0.042593
8 0.978385 0.162500 0.042188 0.219444
11 0.154948 0.805556 0.020313 0.046296
4 0.496094 0.567130 0.060937 0.063889