8 0.796615 0.230093 0.061979 0.152778
11 0.884375 0.684259 0.075000 0.159259
6 0.800260 0.653704 0.018229 0.111111
6 0.725521 0.769444 0.034375 0.055556
0 0.587500 0.318981 0.163542 0.163889
8 0.428385 0.057407 0.095312 0.114815
1 0.190104 0.076852 0.028125 0.042593
3 0.460677 0.660185 0.017188 0.107407
3 0.408333 0.644444 0.012500 0.074074
3 0.266406 0.865741 0.024479 0.101852
3 0.321875 0.906019 0.027083 0.073148
6 0.542708 0.681944 0.406250 0.445370
4 0.625000 0.122222 0.208333 0.244444
4 0.260417 0.291667 0.131250 0.087037
6 0.530469 0.825926 0.084896 0.300000
6 0.608073 0.398148 0.151562 0.014815
6 0.661458 0.942593 0.113542 0.111111
10 0.541146 0.477315 0.077083 0.119444
4 0.609375 0.653704 0.025000 0.050000