8 0.711198 0.144444 0.063021 0.150000
11 0.802865 0.591204 0.078646 0.160185
3 0.318750 0.590741 0.010417 0.066667
3 0.370833 0.606481 0.014583 0.085185
6 0.439063 0.625463 0.351042 0.406481
6 0.437240 0.756944 0.068229 0.308333
4 0.539062 0.086574 0.216667 0.171296
4 0.178125 0.252315 0.136458 0.095370
8 0.352344 0.028704 0.075521 0.057407
0 0.500781 0.247222 0.164062 0.168519
6 0.519271 0.322222 0.151042 0.018519
1 0.107552 0.043981 0.029687 0.043519
1 0.972396 0.171759 0.035417 0.076852
6 0.712240 0.555556 0.022396 0.138889
6 0.639062 0.687500 0.035417 0.058333
6 0.562240 0.904630 0.147396 0.188889
10 0.453125 0.408333 0.079167 0.124074
4 0.520833 0.579167 0.025000 0.049074
3 0.181250 0.827778 0.026042 0.105556
3 0.233594 0.854630 0.035937 0.090741