8 0.470833 0.084722 0.062500 0.139815
11 0.583854 0.477778 0.083333 0.155556
4 0.869010 0.786574 0.259896 0.350926
6 0.241146 0.735648 0.059375 0.308333
6 0.257292 0.593519 0.356250 0.548148
0 0.270833 0.234722 0.151042 0.208333
0 0.109896 0.046296 0.092708 0.092593
0 0.894271 0.380093 0.028125 0.062037
6 0.713021 0.852778 0.148958 0.114815
4 0.297135 0.069907 0.209896 0.139815
1 0.736719 0.033796 0.034896 0.063889
8 0.110937 0.047222 0.092708 0.092593
6 0.367448 0.875000 0.122396 0.246296
10 0.230469 0.401852 0.076563 0.118519
4 0.305990 0.543981 0.024479 0.043519
6 0.282813 0.307870 0.129167 0.067593
6 0.492448 0.475463 0.034896 0.128704
6 0.427865 0.615741 0.031771 0.068519
1 0.745052 0.337963 0.026562 0.029630
1 0.917188 0.440278 0.030208 0.043519
3 0.119271 0.598148 0.019792 0.088889
3 0.169010 0.611574 0.018229 0.086111