8 0.158854 0.176389 0.062500 0.139815
11 0.289062 0.550926 0.083333 0.155556
0 0.595313 0.347685 0.028125 0.062037
1 0.423698 0.051389 0.034896 0.063889
4 0.632812 0.780556 0.308333 0.414815
4 0.817187 0.743519 0.235417 0.348148
1 0.872135 0.975000 0.042188 0.046296
6 0.440625 0.890278 0.143750 0.134259
8 0.876302 0.404167 0.066146 0.089815
1 0.764844 0.337963 0.031771 0.055556
1 0.725000 0.275463 0.033333 0.039815
10 0.858073 0.520833 0.083854 0.130556
6 0.068750 0.527778 0.135417 0.181481
1 0.935937 0.636574 0.126042 0.167593
1 0.958594 0.550000 0.040104 0.085185
1 0.885677 0.372222 0.018229 0.025926
1 0.940885 0.326389 0.034896 0.041667
1 0.626042 0.411574 0.032292 0.032407
4 0.026823 0.694907 0.025521 0.041667
6 0.146354 0.729630 0.025000 0.079630
6 0.200260 0.575463 0.033854 0.108333
1 0.440625 0.359259 0.026042 0.033333
11 0.809896 0.386111 0.087500 0.083333
1 0.969271 0.825926 0.031250 0.074074