8 0.063542 0.221759 0.062500 0.139815
11 0.200000 0.579630 0.085417 0.155556
0 0.507031 0.350463 0.031771 0.056481
1 0.325260 0.067130 0.034896 0.063889
4 0.551562 0.773148 0.308333 0.414815
4 0.732292 0.718056 0.250000 0.330556
1 0.800260 0.959259 0.041146 0.064815
6 0.354687 0.908796 0.134375 0.134259
8 0.790365 0.373611 0.066146 0.089815
1 0.675260 0.317593 0.031771 0.055556
1 0.630729 0.264352 0.033333 0.039815
10 0.770573 0.493981 0.083854 0.130556
1 0.914062 0.409259 0.032292 0.046296
1 0.879167 0.609259 0.181250 0.183333
1 0.877604 0.529630 0.037500 0.048148
1 0.869792 0.488426 0.027083 0.039815
6 0.066406 0.775000 0.025521 0.081481
6 0.112760 0.609259 0.039062 0.112963
1 0.797135 0.340741 0.036979 0.037037
1 0.851302 0.290741 0.040104 0.048148
1 0.347917 0.375000 0.022917 0.031481
1 0.534896 0.403704 0.037500 0.035185
11 0.722656 0.362037 0.095312 0.079630
1 0.895573 0.790278 0.034896 0.073148
1 0.965365 0.568056 0.043229 0.052778
1 0.940885 0.450926 0.083854 0.064815
1 0.942708 0.316667 0.026042 0.046296
3 0.894271 0.746759 0.019792 0.050926
3 0.919271 0.732870 0.022917 0.032407