11 0.115625 0.557407 0.085417 0.155556
0 0.416406 0.288426 0.031771 0.056481
4 0.658333 0.633796 0.250000 0.330556
1 0.733594 0.875000 0.041146 0.064815
6 0.286979 0.866204 0.144792 0.149074
8 0.702865 0.284722 0.066146 0.089815
1 0.584635 0.241667 0.031771 0.055556
1 0.540104 0.184722 0.033333 0.039815
10 0.686719 0.403241 0.083854 0.130556
1 0.830208 0.302778 0.032292 0.046296
1 0.803125 0.505556 0.181250 0.183333
1 0.797396 0.427778 0.037500 0.048148
1 0.788542 0.388426 0.027083 0.039815
4 0.482031 0.725000 0.305729 0.459259
1 0.866927 0.831019 0.047396 0.095370
1 0.228646 0.027778 0.033333 0.055556
1 0.711198 0.253704 0.043229 0.037037
1 0.762240 0.194907 0.049479 0.052778
1 0.447135 0.341667 0.035937 0.033333
1 0.259115 0.331019 0.023438 0.036111
11 0.636198 0.281019 0.097396 0.069444
8 0.909635 0.810185 0.167187 0.300000
1 0.925260 0.800926 0.047396 0.079630
1 0.823438 0.694444 0.035417 0.070370
1 0.872656 0.363889 0.113021 0.103704
1 0.925521 0.454630 0.037500 0.048148
1 0.890104 0.469444 0.038542 0.044444
1 0.976562 0.411574 0.045833 0.078704
1 0.859115 0.216204 0.023438 0.045370
1 0.935156 0.221759 0.110937 0.106481
3 0.847396 0.635185 0.025000 0.025926
3 0.822656 0.649074 0.021354 0.046296