0 0.154948 0.390741 0.034896 0.053704
1 0.525260 0.876852 0.041146 0.064815
1 0.318490 0.287037 0.031771 0.055556
1 0.270833 0.248611 0.033333 0.039815
10 0.435156 0.422685 0.083854 0.137963
1 0.550000 0.417593 0.037500 0.048148
1 0.535937 0.377315 0.027083 0.039815
1 0.657552 0.795370 0.047396 0.090741
1 0.562240 0.488889 0.204687 0.135185
8 0.439063 0.296296 0.065625 0.081481
1 0.576042 0.276852 0.034375 0.048148
1 0.734635 0.330556 0.031771 0.048148
1 0.682552 0.392593 0.028646 0.042593
1 0.188802 0.436111 0.035937 0.025926
1 0.010417 0.486574 0.020833 0.032407
4 0.416667 0.663889 0.270833 0.312963
3 0.594531 0.620833 0.020313 0.041667
3 0.619010 0.599074 0.023438 0.024074
1 0.600260 0.667130 0.036979 0.065741
8 0.697917 0.767593 0.170833 0.296296
1 0.715885 0.736574 0.042188 0.062037
1 0.802865 0.661574 0.038021 0.050926
1 0.615885 0.325000 0.113021 0.103704
4 0.233333 0.785648 0.352083 0.425000
11 0.073177 0.025463 0.047396 0.050926
11 0.373177 0.309259 0.089063 0.046296
1 0.452604 0.261111 0.033333 0.027778
1 0.645833 0.422222 0.037500 0.033333
4 0.956771 0.435648 0.084375 0.197222
1 0.879687 0.830093 0.029167 0.047222
1 0.678646 0.559259 0.031250 0.038889
1 0.595833 0.179167 0.026042 0.041667
1 0.677083 0.159259 0.108333 0.125926
1 0.496615 0.183333 0.041146 0.053704