1 0.521875 0.590741 0.207292 0.133333
1 0.505208 0.496296 0.045833 0.087037
1 0.538802 0.433333 0.027604 0.031481
1 0.534115 0.370370 0.034896 0.048148
1 0.641927 0.492593 0.029687 0.048148
1 0.586979 0.387037 0.039583 0.035185
1 0.692969 0.430093 0.033854 0.050926
1 0.457813 0.273148 0.039583 0.059259
1 0.276042 0.381481 0.032292 0.059259
10 0.389844 0.510185 0.103646 0.162963
1 0.229167 0.332870 0.031250 0.045370
8 0.398698 0.390278 0.066146 0.084259
1 0.482031 0.978241 0.042188 0.041667
1 0.619792 0.910648 0.045833 0.097222
8 0.659375 0.862500 0.177083 0.269444
1 0.765365 0.764815 0.039062 0.050000
1 0.558333 0.778241 0.039583 0.063889
0 0.112500 0.479167 0.036458 0.049074
11 0.036719 0.085648 0.058854 0.067593
1 0.182031 0.329630 0.022396 0.031481
1 0.145052 0.525926 0.034896 0.025926
3 0.552865 0.725926 0.025521 0.038889
3 0.580469 0.706019 0.025521 0.021296
4 0.317448 0.775000 0.391146 0.346296
1 0.842708 0.938889 0.028125 0.048148
1 0.609375 0.520370 0.037500 0.037037
1 0.551042 0.281481 0.034375 0.070370
1 0.638021 0.249074 0.117708 0.125926
4 0.938542 0.531019 0.119792 0.204630
1 0.407031 0.352315 0.039062 0.026852
11 0.327604 0.401389 0.094792 0.047222
1 0.629167 0.438426 0.026042 0.037963