8 0.505469 0.507407 0.092188 0.214815
8 0.116146 0.197222 0.092708 0.270370
8 0.955208 0.641204 0.088542 0.104630
8 0.768490 0.577315 0.051562 0.093519
6 0.229167 0.647685 0.233333 0.245370
11 0.407031 0.637500 0.011979 0.084259
4 0.892969 0.543981 0.051562 0.115741
1 0.897656 0.630556 0.026562 0.046296
0 0.189844 0.063426 0.372396 0.125000
4 0.329948 0.337963 0.228646 0.403704
4 0.408073 0.109259 0.203646 0.203704
1 0.280990 0.238889 0.089063 0.211111
8 0.589063 0.154167 0.026042 0.025000
11 0.354167 0.218056 0.014583 0.019444
8 0.352083 0.065278 0.056250 0.039815