8 0.941406 0.667130 0.116146 0.136111
1 0.866406 0.643519 0.025521 0.048148
4 0.861198 0.546759 0.053646 0.130556
8 0.735156 0.597222 0.038021 0.088889
8 0.460156 0.521296 0.094271 0.246296
11 0.360417 0.671296 0.009375 0.085185
6 0.178646 0.686574 0.235417 0.263889
8 0.062760 0.222685 0.093229 0.282407
0 0.172396 0.068056 0.343750 0.134259
4 0.279167 0.358796 0.236458 0.410185
4 0.359896 0.132407 0.212500 0.242593
1 0.227604 0.256944 0.094792 0.221296
8 0.542448 0.153704 0.025521 0.033333
11 0.303646 0.231944 0.015625 0.019444
8 0.298698 0.071759 0.056771 0.041667