8 0.555990 0.637963 0.101562 0.259259
8 0.840885 0.773611 0.041146 0.069444
8 0.150521 0.255556 0.089583 0.298148
11 0.445052 0.795833 0.010937 0.086111
6 0.254948 0.773611 0.256771 0.241667
4 0.970052 0.717130 0.053646 0.147222
1 0.974219 0.824537 0.028646 0.052778
0 0.248177 0.091667 0.496354 0.155556
4 0.375000 0.437963 0.247917 0.462963
4 0.461719 0.188426 0.222396 0.223148
1 0.322917 0.320833 0.098958 0.225000
8 0.652865 0.246296 0.031771 0.044444
11 0.402344 0.303704 0.016146 0.018519
8 0.402083 0.128704 0.056250 0.044444
8 0.054948 0.072685 0.096354 0.052778
3 0.082812 0.103704 0.033333 0.048148