8 0.687240 0.786574 0.111979 0.271296
8 0.287760 0.270370 0.080729 0.318519
1 0.041406 0.296759 0.036979 0.052778
6 0.363802 0.862500 0.288021 0.206481
11 0.563281 0.935185 0.019271 0.090741
0 0.331510 0.087500 0.663021 0.117593
4 0.516146 0.517593 0.257292 0.537037
4 0.617708 0.274074 0.239583 0.235185
1 0.464323 0.380556 0.118229 0.244444
8 0.810677 0.367593 0.030729 0.048148
11 0.548698 0.381481 0.017188 0.022222
8 0.552865 0.189352 0.056771 0.052778
11 0.122656 0.140278 0.038021 0.054630
8 0.090365 0.444444 0.028646 0.027778
1 0.041146 0.212037 0.035417 0.051852
8 0.193750 0.053241 0.095833 0.039815
3 0.229948 0.093981 0.043229 0.047222