8 0.413021 0.319907 0.070833 0.339815
8 0.804948 0.901389 0.117188 0.193519
1 0.156771 0.297685 0.041667 0.058333
8 0.694010 0.280093 0.048438 0.049074
4 0.113021 0.675926 0.148958 0.125926
6 0.523958 0.943981 0.188542 0.108333
4 0.638542 0.623148 0.252083 0.588889
4 0.751563 0.377778 0.246875 0.231481
1 0.594271 0.473148 0.127083 0.238889
11 0.680990 0.487963 0.016146 0.025926
0 0.443750 0.115741 0.733333 0.231481
8 0.948438 0.508333 0.037500 0.066667
11 0.248177 0.145370 0.041146 0.057407
8 0.199479 0.464352 0.028125 0.030556
1 0.160417 0.212963 0.038542 0.059259
8 0.325781 0.067593 0.098437 0.046296
3 0.357812 0.118519 0.040625 0.046296