8 0.437240 0.542130 0.076563 0.404630
8 0.747135 0.493056 0.048438 0.058333
11 0.737500 0.750926 0.019792 0.035185
1 0.639323 0.732407 0.143229 0.292593
4 0.614844 0.776852 0.134896 0.442593
4 0.816406 0.616204 0.273438 0.282407
1 0.158073 0.499074 0.044271 0.064815
1 0.398177 0.122222 0.029687 0.038889
1 0.982031 0.078704 0.026562 0.046296
0 0.485156 0.212500 0.781771 0.425000
4 0.088802 0.939815 0.142187 0.116667
8 0.347396 0.232870 0.103125 0.047222
4 0.538542 0.123148 0.125000 0.116667
4 0.693229 0.077315 0.089583 0.065741
3 0.382031 0.293519 0.047396 0.059259
11 0.260937 0.321759 0.039583 0.062037
1 0.167969 0.400000 0.041146 0.059259
8 0.201042 0.705093 0.031250 0.032407
1 0.404427 0.100463 0.017188 0.028704