8 0.453385 0.737037 0.090104 0.511111
8 0.814323 0.668056 0.060937 0.080556
1 0.135677 0.648148 0.050521 0.077778
1 0.146354 0.513426 0.041667 0.075000
1 0.703646 0.903241 0.138542 0.189815
4 0.636719 0.881944 0.108854 0.236111
0 0.516146 0.289815 0.877083 0.572222
1 0.409896 0.178704 0.035417 0.046296
8 0.178906 0.913426 0.034896 0.041667
4 0.869271 0.828704 0.258333 0.335185
8 0.351302 0.317593 0.119271 0.062963
4 0.566927 0.188889 0.141146 0.137037
3 0.275521 0.300000 0.050000 0.048148
4 0.745573 0.135185 0.127604 0.083333
3 0.391146 0.396296 0.057292 0.087037
11 0.252344 0.423611 0.045312 0.075000
1 0.413802 0.156019 0.020313 0.030556