11 0.686979 0.600000 0.082292 0.177778
1 0.691146 0.514815 0.033333 0.037037
1 0.559896 0.466204 0.080208 0.078704
1 0.447396 0.401389 0.027083 0.043519
1 0.445833 0.345370 0.022917 0.038889
1 0.329427 0.369907 0.022396 0.037963
1 0.377344 0.116204 0.082812 0.232407
0 0.076563 0.597685 0.152083 0.795370
1 0.261458 0.302315 0.028125 0.058333
1 0.674740 0.471759 0.034896 0.080556
11 0.311458 0.212963 0.110417 0.168519
1 0.122917 0.407870 0.021875 0.030556
8 0.207552 0.056944 0.122396 0.112037
1 0.214844 0.509722 0.042188 0.067593
11 0.188802 0.326852 0.127604 0.124074
4 0.134115 0.179630 0.091146 0.088889
1 0.061979 0.311111 0.018750 0.040741