1 0.265885 0.442130 0.026562 0.049074
1 0.331510 0.526852 0.022396 0.037037
1 0.441406 0.507870 0.019271 0.036111
1 0.443750 0.565741 0.025000 0.042593
1 0.549479 0.614815 0.078125 0.083333
1 0.374740 0.232870 0.079687 0.262037
1 0.658073 0.620370 0.031771 0.077778
1 0.671354 0.666667 0.033333 0.035185
11 0.669792 0.750463 0.076042 0.163889
0 0.097917 0.663889 0.123958 0.666667
11 0.311458 0.354167 0.100000 0.171296
1 0.137240 0.545833 0.022396 0.028704
8 0.211719 0.162037 0.118229 0.155556
1 0.225781 0.650463 0.041146 0.062037
11 0.197135 0.462037 0.127604 0.124074
4 0.142969 0.308333 0.091146 0.088889
1 0.074479 0.449537 0.019792 0.037963
1 0.027604 0.715741 0.038542 0.081481