1 0.368490 0.353241 0.079687 0.252778
1 0.536198 0.732870 0.073438 0.075000
1 0.434115 0.691667 0.023438 0.044444
1 0.433073 0.638426 0.016146 0.030556
1 0.326302 0.646759 0.018229 0.030556
0 0.112240 0.718056 0.091146 0.562037
1 0.262500 0.551389 0.023958 0.045370
11 0.303125 0.455556 0.100000 0.187037
11 0.648958 0.870370 0.070833 0.159259
1 0.652604 0.791204 0.031250 0.032407
1 0.646875 0.740278 0.047917 0.076852
8 0.209896 0.266667 0.115625 0.155556
1 0.226042 0.759722 0.039583 0.065741
1 0.139844 0.653704 0.024479 0.035185
11 0.196094 0.580556 0.127604 0.124074
4 0.140365 0.414815 0.091146 0.088889
1 0.075781 0.551852 0.022396 0.046296
1 0.033333 0.812037 0.038542 0.081481