0 0.290365 0.581481 0.330729 0.833333
1 0.157031 0.405093 0.028646 0.043519
1 0.255208 0.663889 0.020833 0.035185
1 0.690104 0.133333 0.075000 0.266667
1 0.556771 0.299074 0.025000 0.051852
1 0.620833 0.387500 0.022917 0.039815
1 0.739844 0.400000 0.025521 0.040741
1 0.735938 0.459259 0.026042 0.042593
1 0.839844 0.553241 0.084896 0.086111
1 0.965365 0.654630 0.029687 0.040741
11 0.952865 0.726852 0.072396 0.170370
1 0.957031 0.599537 0.041146 0.086111
11 0.610156 0.226852 0.116146 0.164815
1 0.484896 0.489815 0.053125 0.055556
11 0.477344 0.317130 0.147396 0.093519
4 0.441146 0.149537 0.089583 0.073148
8 0.526042 0.050463 0.127083 0.100926
1 0.407813 0.362037 0.026042 0.035185
1 0.353385 0.244444 0.027604 0.037037
1 0.268229 0.493056 0.044792 0.080556