1 0.542708 0.137500 0.081250 0.275000
1 0.607812 0.404630 0.026042 0.044444
1 0.607812 0.466667 0.031250 0.044444
1 0.485417 0.412037 0.023958 0.042593
1 0.416406 0.331944 0.023438 0.047222
1 0.719792 0.535648 0.084375 0.084259
0 0.191146 0.606019 0.232292 0.786111
1 0.838281 0.554630 0.036979 0.081481
1 0.848958 0.612500 0.038542 0.039815
11 0.844271 0.698148 0.081250 0.183333
11 0.467187 0.245833 0.118750 0.176852
1 0.022135 0.512963 0.028646 0.046296
1 0.134896 0.763889 0.022917 0.037037
11 0.335417 0.359259 0.147917 0.114815
1 0.361458 0.539815 0.039583 0.057407
1 0.208333 0.316667 0.019792 0.035185
4 0.296875 0.191667 0.091667 0.081481
8 0.369010 0.064352 0.135937 0.128704
1 0.267969 0.422222 0.024479 0.035185
1 0.136719 0.584259 0.042188 0.083333