1 0.422396 0.130556 0.088542 0.261111
11 0.351042 0.231481 0.114583 0.200000
1 0.298698 0.325463 0.023438 0.047222
1 0.372396 0.405556 0.025000 0.044444
1 0.496094 0.444907 0.034896 0.050926
1 0.494792 0.383333 0.022917 0.042593
1 0.612760 0.508333 0.091146 0.092593
11 0.748177 0.648611 0.081771 0.173148
1 0.748958 0.566667 0.032292 0.037037
1 0.731771 0.515278 0.037500 0.095370
0 0.094271 0.607870 0.185417 0.780556
1 0.035937 0.802315 0.025000 0.041667
1 0.155990 0.433796 0.027604 0.037963
1 0.253906 0.548611 0.044271 0.063889
11 0.222656 0.361574 0.145313 0.126852
4 0.171875 0.205556 0.093750 0.087037
8 0.243750 0.064815 0.137500 0.129630
1 0.091927 0.332870 0.022396 0.049074
1 0.032813 0.619907 0.042708 0.086111