1 0.499219 0.398148 0.023438 0.050000
1 0.602344 0.472685 0.022396 0.037963
1 0.724219 0.455556 0.022396 0.037037
1 0.734896 0.510648 0.027083 0.047222
1 0.613802 0.185185 0.066146 0.288889
1 0.364063 0.504630 0.026042 0.027778
1 0.085677 0.623148 0.029687 0.046296
1 0.276302 0.874537 0.023438 0.041667
1 0.819271 0.568519 0.082292 0.090741
1 0.945833 0.613889 0.029167 0.040741
11 0.952604 0.693981 0.072917 0.158333
1 0.219271 0.389815 0.019792 0.038889
0 0.322135 0.642130 0.088021 0.712037
1 0.919531 0.573148 0.033854 0.066667
1 0.474479 0.613426 0.040625 0.063889
11 0.538542 0.300926 0.107292 0.188889
1 0.284375 0.401852 0.018750 0.035185
11 0.422917 0.430556 0.145833 0.124074
4 0.346094 0.267130 0.077604 0.076852
8 0.408854 0.117593 0.126042 0.164815
1 0.232813 0.687037 0.053125 0.088889
1 0.131510 0.317593 0.030729 0.053704