1 0.791146 0.435648 0.026042 0.041667
1 0.778646 0.386111 0.019792 0.031481
1 0.663802 0.412037 0.021354 0.038889
1 0.552344 0.353241 0.022396 0.049074
1 0.651823 0.144444 0.053646 0.266667
1 0.428125 0.459722 0.025000 0.030556
0 0.411198 0.627315 0.047396 0.743519
1 0.383594 0.817593 0.026562 0.044444
1 0.308333 0.648148 0.058333 0.081481
1 0.148958 0.604630 0.032292 0.046296
1 0.864844 0.489815 0.066146 0.083333
1 0.547656 0.552778 0.032813 0.061111
1 0.271875 0.366204 0.021875 0.041667
1 0.977604 0.515741 0.027083 0.037037
11 0.976823 0.590741 0.043229 0.146296
1 0.948958 0.482870 0.039583 0.063889
1 0.342708 0.369444 0.016667 0.033333
11 0.579688 0.263426 0.100000 0.171296
11 0.479167 0.385185 0.131250 0.120370
11 0.702344 0.955556 0.097396 0.081481
4 0.383854 0.240278 0.083333 0.073148
8 0.437240 0.094444 0.124479 0.159259
1 0.175781 0.300000 0.030729 0.055556