1 0.722656 0.183333 0.066146 0.290741
1 0.688542 0.208333 0.014583 0.042593
1 0.640104 0.443519 0.026042 0.048148
1 0.309375 0.534722 0.033333 0.056481
1 0.410938 0.525926 0.027083 0.048148
4 0.391927 0.315278 0.119271 0.162037
0 0.532552 0.675926 0.194271 0.646296
1 0.683333 0.707870 0.050000 0.084259
1 0.203125 0.887037 0.040625 0.068519
1 0.421354 0.895370 0.090625 0.124074
1 0.532552 0.618519 0.029687 0.037037
1 0.801302 0.509259 0.025521 0.044444
1 0.940885 0.513889 0.025521 0.044444
1 0.916146 0.458333 0.018750 0.037037
11 0.647917 0.313889 0.089583 0.211111
11 0.565885 0.506019 0.136979 0.195370
1 0.166406 0.468519 0.029687 0.046296
8 0.440625 0.136574 0.139583 0.175000
1 0.010417 0.356481 0.020833 0.046296