1 0.444271 0.546296 0.031250 0.057407
1 0.557552 0.543056 0.029687 0.052778
1 0.330208 0.939352 0.045833 0.075000
1 0.571354 0.943519 0.100000 0.109259
1 0.685937 0.653241 0.027083 0.039815
1 0.868229 0.191204 0.085417 0.297222
11 0.789323 0.308796 0.084896 0.249074
1 0.284896 0.476389 0.037500 0.058333
1 0.098698 0.336574 0.020313 0.036111
1 0.026562 0.516204 0.020833 0.050926
4 0.528385 0.309722 0.121354 0.173148
0 0.674479 0.674537 0.206250 0.647222
1 0.959896 0.554167 0.022917 0.041667
1 0.785677 0.467593 0.024479 0.055556
11 0.711458 0.531944 0.131250 0.197222
8 0.567448 0.116667 0.145313 0.188889
1 0.473438 0.276852 0.021875 0.070370
1 0.088542 0.024074 0.026042 0.044444
1 0.833073 0.215278 0.017188 0.041667