1 0.886719 0.198611 0.085938 0.278704
1 0.485417 0.601852 0.035417 0.062963
1 0.319010 0.543056 0.033854 0.050926
1 0.106250 0.413426 0.020833 0.036111
1 0.034635 0.604630 0.024479 0.050000
1 0.640885 0.965278 0.106771 0.063889
4 0.553125 0.359259 0.119792 0.164815
0 0.725521 0.694444 0.246875 0.607407
1 0.607552 0.592593 0.028646 0.044444
1 0.738281 0.682870 0.028646 0.041667
1 0.820833 0.483333 0.019792 0.057407
1 0.991146 0.557407 0.014583 0.044444
1 0.310417 0.035185 0.026042 0.044444
1 0.073698 0.080093 0.020313 0.034259
11 0.815365 0.329167 0.074479 0.267593
11 0.753125 0.556019 0.123958 0.206481
1 0.503906 0.316667 0.027604 0.070370
8 0.581250 0.147222 0.145833 0.188889
1 0.851302 0.229630 0.020313 0.046296