1 0.541146 0.681944 0.037500 0.062037
1 0.362500 0.675000 0.039583 0.057407
1 0.085417 0.585185 0.025000 0.046296
1 0.278646 0.112500 0.030208 0.054630
1 0.186719 0.373148 0.021354 0.042593
1 0.519531 0.371296 0.028646 0.079630
1 0.669271 0.631944 0.029167 0.056481
1 0.800000 0.692593 0.025000 0.037037
1 0.838542 0.467593 0.020833 0.053704
1 0.831250 0.200463 0.018750 0.041667
1 0.234115 0.073611 0.028646 0.041667
1 0.027604 0.826389 0.031250 0.063889
8 0.557292 0.172685 0.150000 0.189815
11 0.799479 0.311111 0.069792 0.270370
1 0.873698 0.157870 0.077604 0.262037
4 0.586979 0.413426 0.072917 0.165741
0 0.773177 0.684722 0.314063 0.534259
1 0.671354 0.589352 0.081250 0.073148
11 0.784635 0.544444 0.098437 0.218519