0 0.538802 0.606019 0.600521 0.786111
4 0.208854 0.216204 0.072917 0.115741
1 0.161719 0.186111 0.022396 0.046296
1 0.189062 0.384722 0.022917 0.037963
1 0.275521 0.324537 0.020833 0.036111
1 0.383854 0.340741 0.021875 0.033333
1 0.552604 0.606481 0.021875 0.037037
1 0.361979 0.587500 0.089583 0.086111
1 0.191927 0.704630 0.033854 0.059259
8 0.189062 0.062963 0.119792 0.125926
1 0.059115 0.406019 0.028646 0.034259
1 0.556771 0.164815 0.018750 0.033333
1 0.651563 0.118056 0.020833 0.034259
1 0.624740 0.091204 0.015104 0.030556
4 0.896875 0.647685 0.204167 0.293519
11 0.794531 0.505093 0.142187 0.050926
1 0.415365 0.195833 0.020313 0.039815
11 0.376302 0.253704 0.078646 0.151852
11 0.384375 0.106944 0.058333 0.178704
1 0.756510 0.848148 0.035937 0.044444