3 0.164583 0.711574 0.082292 0.186111
3 0.103646 0.776852 0.044792 0.033333
3 0.217708 0.863889 0.025000 0.066667
3 0.317188 0.900000 0.027083 0.062963
1 0.435937 0.862037 0.118750 0.270370
4 0.820312 0.858796 0.108333 0.278704
4 0.686458 0.122222 0.165625 0.227778
0 0.670573 0.313889 0.656771 0.627778
3 0.861719 0.668056 0.031771 0.056481
1 0.525521 0.236574 0.037500 0.041667
4 0.976302 0.280556 0.045312 0.090741
11 0.947917 0.768056 0.095833 0.130556
11 0.976042 0.699074 0.044792 0.046296
4 0.917188 0.810185 0.057292 0.064815
4 0.741146 0.897222 0.107292 0.168519
1 0.832031 0.833333 0.034896 0.066667
1 0.037240 0.125463 0.026562 0.039815