1 0.930990 0.440278 0.041146 0.063889
3 0.809896 0.208796 0.057292 0.067593
8 0.723698 0.195370 0.084896 0.098148
1 0.613542 0.088426 0.033333 0.056481
8 0.963281 0.227315 0.071354 0.136111
0 0.499219 0.237500 0.996354 0.475000
4 0.454688 0.653241 0.070833 0.223148
1 0.448437 0.641667 0.039583 0.068519
4 0.534115 0.594907 0.063021 0.054630
4 0.619792 0.591667 0.018750 0.103704
3 0.470833 0.480556 0.029167 0.046296
4 0.332292 0.062963 0.183333 0.124074
4 0.840104 0.759259 0.092708 0.222222
4 0.687500 0.637037 0.063542 0.120370
4 0.699740 0.554630 0.033854 0.038889
1 0.095573 0.833333 0.078646 0.325926
4 0.686979 0.035185 0.123958 0.070370
4 0.568229 0.086574 0.057292 0.071296
1 0.831771 0.425000 0.062500 0.088889
11 0.632292 0.545370 0.235417 0.092593
11 0.594010 0.465278 0.053646 0.045370
4 0.395313 0.728241 0.137500 0.217593
11 0.504427 0.949537 0.151562 0.093519
11 0.456510 0.871296 0.053646 0.072222
1 0.397656 0.836111 0.035937 0.044444
11 0.681771 0.451389 0.050000 0.086111
1 0.127083 0.212963 0.037500 0.037037