0 0.260937 0.290741 0.521875 0.581481
3 0.126562 0.503704 0.026042 0.038889
11 0.273958 0.484722 0.210417 0.139815
11 0.234115 0.442593 0.047396 0.046296
11 0.314323 0.392593 0.041146 0.062963
4 0.337500 0.556481 0.062500 0.087037
4 0.271615 0.536111 0.028646 0.087037
4 0.189844 0.575463 0.060937 0.062037
4 0.109115 0.700000 0.109896 0.266667
1 0.126302 0.650926 0.034896 0.062963
11 0.258333 0.918056 0.200000 0.160185
11 0.163542 0.848148 0.055208 0.074074
1 0.109375 0.842130 0.031250 0.052778
4 0.083854 0.772685 0.084375 0.150926
8 0.608073 0.094444 0.174479 0.127778
1 0.548958 0.282870 0.033333 0.054630
4 0.500000 0.628704 0.061458 0.125926
1 0.211458 0.095370 0.027083 0.050000
4 0.170052 0.111574 0.052604 0.062037
3 0.405208 0.129630 0.055208 0.046296
4 0.280469 0.029630 0.105729 0.059259
4 0.836979 0.352315 0.106250 0.137963
4 0.806771 0.728704 0.066667 0.057407
4 0.418490 0.611111 0.047396 0.037037
1 0.439583 0.318519 0.044792 0.055556
8 0.319792 0.153704 0.069792 0.087037