1 0.436458 0.236111 0.033333 0.048148
1 0.336979 0.288426 0.043750 0.056481
4 0.075000 0.676852 0.113542 0.287037
1 0.045833 0.654630 0.030208 0.061111
1 0.036979 0.841667 0.027083 0.055556
8 0.490365 0.050463 0.171354 0.100926
0 0.200781 0.257870 0.399479 0.515741
3 0.294531 0.107407 0.056771 0.046296
1 0.104427 0.103704 0.026562 0.048148
4 0.063542 0.116204 0.051042 0.054630
4 0.165885 0.026389 0.104688 0.052778
11 0.181771 0.460185 0.198958 0.151852
11 0.139844 0.429630 0.047396 0.055556
11 0.213542 0.376852 0.036458 0.064815
4 0.178906 0.516667 0.028646 0.081481
4 0.277865 0.505556 0.130729 0.153704
4 0.404948 0.546296 0.077604 0.196296
1 0.942187 0.627778 0.101042 0.168519
4 0.709115 0.640278 0.070312 0.050926
4 0.729167 0.265741 0.118750 0.133333
1 0.485677 0.949074 0.042188 0.072222
11 0.185417 0.908796 0.195833 0.178704
3 0.037500 0.507870 0.022917 0.039815
11 0.091667 0.837500 0.051042 0.075000
8 0.213802 0.145370 0.075521 0.092593