8 0.887240 0.632870 0.172396 0.208333
1 0.945312 0.599074 0.043750 0.070370
1 0.708594 0.669444 0.040104 0.068519
1 0.327344 0.364815 0.117188 0.092593
1 0.390104 0.828241 0.051042 0.071296
11 0.571354 0.394444 0.103125 0.050000
11 0.144531 0.737963 0.134896 0.248148
0 0.174740 0.935648 0.047396 0.036111
4 0.326562 0.921296 0.088542 0.153704
8 0.866667 0.796759 0.144792 0.215741
2 0.803385 0.855093 0.265104 0.193519
1 0.081771 0.211574 0.056250 0.076852
1 0.023698 0.331019 0.047396 0.076852
1 0.784635 0.173148 0.091146 0.079630
1 0.957812 0.259259 0.081250 0.081481