8 0.405990 0.406944 0.172396 0.150926
8 0.365365 0.564352 0.143229 0.187963
1 0.450000 0.364352 0.033333 0.062037
1 0.223958 0.505093 0.035417 0.052778
11 0.553125 0.668981 0.146875 0.573148
1 0.389062 0.806944 0.050000 0.063889
4 0.148438 0.893981 0.296875 0.206481
1 0.210938 0.930556 0.052083 0.055556
1 0.822656 0.868981 0.110937 0.169444
1 0.701042 0.451852 0.105208 0.125926
1 0.884635 0.211111 0.027604 0.035185
1 0.959115 0.257407 0.028646 0.035185
2 0.375000 0.624537 0.294792 0.158333
4 0.574479 0.314815 0.095833 0.146296
11 0.116146 0.340278 0.095833 0.075000
11 0.228646 0.284722 0.055208 0.041667
1 0.336198 0.059722 0.092188 0.060185
1 0.526563 0.076852 0.125000 0.057407