11 0.472656 0.694907 0.149479 0.562037
1 0.621875 0.482870 0.105208 0.121296
8 0.327865 0.450000 0.167187 0.161111
1 0.373698 0.412500 0.040104 0.062037
4 0.494010 0.354167 0.094271 0.139815
1 0.148438 0.562963 0.039583 0.064815
8 0.284635 0.608796 0.141146 0.182407
1 0.304948 0.839352 0.052604 0.060185
4 0.110677 0.912963 0.219271 0.168519
1 0.135677 0.970833 0.053646 0.052778
1 0.810417 0.230556 0.022917 0.035185
1 0.888021 0.272685 0.030208 0.039815
1 0.739844 0.886111 0.114062 0.161111
11 0.048438 0.385648 0.094792 0.113889
11 0.159635 0.344444 0.053646 0.037037
2 0.273177 0.672685 0.339062 0.150926
1 0.274219 0.131481 0.098437 0.081481
1 0.454688 0.124537 0.127083 0.060185