1 0.287240 0.494907 0.147396 0.104630
1 0.831510 0.953241 0.054688 0.089815
11 0.363021 0.124074 0.370833 0.170370
1 0.047396 0.125926 0.068750 0.044444
1 0.930469 0.396759 0.105729 0.100926
11 0.401823 0.172685 0.063021 0.056481
6 0.540104 0.350000 0.059375 0.057407
6 0.377604 0.362963 0.187500 0.087037
11 0.860938 0.187037 0.018750 0.094444
1 0.467187 0.113889 0.027083 0.027778
1 0.461979 0.181944 0.025000 0.043519
7 0.819271 0.419907 0.063542 0.089815
1 0.771615 0.140278 0.058854 0.045370
1 0.780990 0.068056 0.047396 0.028704
1 0.853385 0.081481 0.047396 0.051852
11 0.614062 0.318056 0.060417 0.086111