1 0.087760 0.855556 0.168229 0.135185
11 0.242708 0.302315 0.415625 0.213889
11 0.272396 0.363426 0.082292 0.075000
1 0.899219 0.645833 0.128646 0.125000
6 0.410156 0.622222 0.066146 0.088889
6 0.225781 0.653241 0.211979 0.136111
11 0.828385 0.335185 0.022396 0.144444
1 0.351562 0.291667 0.027083 0.035185
1 0.338021 0.382407 0.027083 0.048148
1 0.733854 0.168981 0.072917 0.047222
1 0.706510 0.275000 0.108854 0.055556
11 0.933333 0.337037 0.051042 0.092593
7 0.754687 0.705556 0.081250 0.114815
11 0.503906 0.573148 0.071354 0.112963
1 0.820312 0.184722 0.050000 0.041667