6 0.317188 0.795833 0.075000 0.123148
6 0.111198 0.820370 0.222396 0.146296
11 0.194531 0.363889 0.388021 0.255556
11 0.171615 0.442593 0.098437 0.098148
1 0.252083 0.455093 0.030208 0.060185
1 0.271875 0.338889 0.031250 0.040741
1 0.912500 0.806481 0.147917 0.168519
3 0.922917 0.780556 0.040625 0.064815
11 0.837240 0.372222 0.031771 0.188889
1 0.735417 0.150000 0.082292 0.055556
1 0.695052 0.288889 0.125521 0.070370
11 0.956250 0.363889 0.053125 0.101852
7 0.729688 0.923148 0.094792 0.125926
11 0.432031 0.717130 0.093229 0.176852
1 0.829167 0.163426 0.057292 0.047222