7 0.344531 0.752315 0.085938 0.123148
3 0.505469 0.537500 0.041146 0.050926
1 0.505990 0.562963 0.154688 0.077778
4 0.597396 0.460185 0.028125 0.074074
4 0.618490 0.522222 0.036979 0.040741
11 0.380469 0.237963 0.053646 0.157407
11 0.490625 0.160648 0.036458 0.089815
11 0.056250 0.750000 0.067708 0.144444
3 0.833073 0.182870 0.126562 0.069444
2 0.904687 0.232870 0.057292 0.075000
3 0.727604 0.346759 0.030208 0.041667
1 0.243750 0.230556 0.100000 0.038889
1 0.252865 0.094444 0.077604 0.027778
1 0.351823 0.057407 0.053646 0.027778