5 0.308594 0.708333 0.270313 0.344444
2 0.327083 0.625000 0.027083 0.183333
1 0.547135 0.576389 0.079687 0.330556
2 0.512500 0.646759 0.128125 0.086111
3 0.221615 0.941204 0.123438 0.113889
2 0.300000 0.966204 0.069792 0.065741
1 0.830990 0.548148 0.088021 0.066667
1 0.726302 0.547222 0.068229 0.046296
11 0.691146 0.250000 0.107292 0.200000
8 0.399479 0.483333 0.065625 0.051852
3 0.052083 0.713889 0.102083 0.105556
4 0.396354 0.960648 0.095833 0.075000
1 0.432812 0.881944 0.031250 0.039815
3 0.091146 0.822685 0.046875 0.056481
3 0.062760 0.910648 0.022396 0.073148
3 0.164323 0.940741 0.049479 0.083333
2 0.185417 0.841204 0.088542 0.113889
4 0.125781 0.704167 0.107813 0.108333