1 0.349219 0.373611 0.073438 0.321296
2 0.317708 0.453241 0.129167 0.091667
5 0.127344 0.528704 0.254688 0.320370
2 0.144531 0.445833 0.034896 0.141667
0 0.652083 0.819444 0.590625 0.353704
1 0.733594 0.833796 0.028646 0.037963
1 0.678646 0.800926 0.032292 0.046296
1 0.829427 0.682407 0.035937 0.100000
1 0.638542 0.330556 0.094792 0.059259
1 0.539323 0.344907 0.073438 0.043519
11 0.503906 0.091204 0.107813 0.178704
3 0.053125 0.763889 0.106250 0.155556
2 0.117448 0.787500 0.072396 0.123148
1 0.908333 0.632870 0.054167 0.084259
1 0.849740 0.542130 0.054688 0.049074
4 0.197396 0.769444 0.110417 0.122222
1 0.244531 0.665741 0.028646 0.040741
8 0.218750 0.330093 0.062500 0.050926