5 0.217708 0.445370 0.258333 0.294444
1 0.449479 0.340741 0.089583 0.309259
2 0.412760 0.408796 0.133854 0.086111
3 0.106250 0.649074 0.138542 0.140741
0 0.704167 0.821759 0.588542 0.352778
1 0.911979 0.741204 0.032292 0.093519
2 0.185156 0.682407 0.078646 0.112963
1 0.750521 0.360648 0.091667 0.073148
11 0.634115 0.103704 0.118229 0.177778
1 0.794531 0.859259 0.029687 0.040741
1 0.744271 0.813426 0.029167 0.045370
1 0.925000 0.590278 0.084375 0.084259
1 0.642188 0.352315 0.071875 0.052778
2 0.241667 0.360185 0.026042 0.124074
4 0.260156 0.686111 0.113021 0.092593
1 0.321875 0.595833 0.028125 0.041667
3 0.088281 0.836574 0.048438 0.073148
3 0.069792 0.634259 0.042708 0.068519
8 0.336979 0.282407 0.057292 0.040741
4 0.050521 0.446759 0.091667 0.080556