1 0.612240 0.394444 0.103646 0.300000
5 0.380729 0.450463 0.255208 0.280556
2 0.410417 0.367593 0.036458 0.122222
2 0.573958 0.455556 0.131250 0.081481
3 0.248177 0.619907 0.142187 0.106481
2 0.320312 0.671759 0.082292 0.102778
0 0.732292 0.872685 0.442708 0.252778
1 0.849740 0.928704 0.031771 0.044444
1 0.894531 0.983796 0.029687 0.028704
1 0.909375 0.477315 0.093750 0.106481
1 0.805729 0.448148 0.064583 0.057407
11 0.820312 0.181019 0.105208 0.225000
8 0.516146 0.323148 0.058333 0.038889
4 0.404427 0.687037 0.131771 0.064815
1 0.467187 0.621759 0.032292 0.041667
3 0.138021 0.558796 0.023958 0.054630
3 0.179948 0.499537 0.040104 0.047222
3 0.212760 0.796296 0.048438 0.057407
3 0.216927 0.600000 0.041146 0.059259
2 0.244531 0.524074 0.059896 0.096296
4 0.220312 0.415741 0.081250 0.061111