5 0.320052 0.533796 0.273438 0.297222
2 0.353125 0.447222 0.041667 0.135185
3 0.173437 0.719907 0.148958 0.112037
2 0.248698 0.775463 0.082812 0.108333
1 0.570312 0.467130 0.108333 0.319444
2 0.527083 0.533333 0.144792 0.090741
0 0.700260 0.930093 0.475521 0.134259
11 0.802865 0.225000 0.117188 0.220370
1 0.781510 0.522222 0.068229 0.070370
1 0.897396 0.548611 0.097917 0.095370
3 0.129688 0.915278 0.046875 0.058333
3 0.068229 0.647222 0.025000 0.055556
3 0.114583 0.583796 0.034375 0.037963
3 0.145052 0.687963 0.047396 0.070370
4 0.336198 0.796759 0.143229 0.073148
1 0.404167 0.722222 0.029167 0.044444
8 0.476823 0.381019 0.058854 0.043519
2 0.177604 0.613889 0.063542 0.085185
4 0.152083 0.495833 0.077083 0.050926