5 0.334115 0.598611 0.317188 0.384259
2 0.375521 0.505093 0.063542 0.184259
3 0.143750 0.812963 0.168750 0.107407
2 0.218490 0.899074 0.100521 0.124074
1 0.623958 0.569444 0.145833 0.375926
2 0.573438 0.639815 0.175000 0.120370
8 0.544531 0.424537 0.072396 0.058333
11 0.921354 0.286574 0.138542 0.249074
1 0.879687 0.647685 0.070833 0.078704
3 0.104948 0.623611 0.042188 0.045370
3 0.044792 0.694907 0.030208 0.065741
3 0.116927 0.763889 0.048438 0.070370
4 0.325781 0.936111 0.197396 0.079630
1 0.407031 0.861574 0.034896 0.052778
1 0.979948 0.693519 0.038021 0.096296
2 0.157812 0.681944 0.076042 0.099074
4 0.148177 0.527315 0.092188 0.043519