5 0.389323 0.585648 0.323437 0.393519
2 0.414323 0.477315 0.034896 0.213889
3 0.249219 0.866667 0.186979 0.172222
2 0.356250 0.921759 0.102083 0.150926
3 0.194792 0.832870 0.061458 0.106481
3 0.084115 0.781944 0.023438 0.080556
3 0.128906 0.681481 0.048438 0.061111
1 0.670573 0.467130 0.108854 0.387963
2 0.632031 0.536111 0.148438 0.094444
11 0.834896 0.140278 0.137500 0.241667
8 0.501302 0.350463 0.073438 0.052778
1 0.869531 0.476389 0.074479 0.063889
1 0.970052 0.491667 0.057813 0.081481
4 0.462760 0.924074 0.154688 0.146296
1 0.529687 0.803241 0.035417 0.045370
2 0.229687 0.711574 0.100000 0.134259
4 0.172656 0.550463 0.141146 0.128704
2 0.594271 0.413889 0.113542 0.166667