5 0.254948 0.638426 0.345313 0.469444
1 0.410677 0.313889 0.070312 0.379630
2 0.300000 0.374074 0.304167 0.074074
3 0.355729 0.911111 0.091667 0.174074
2 0.445052 0.900926 0.073438 0.166667
0 0.853646 0.607407 0.289583 0.512963
3 0.254688 0.985185 0.033333 0.024074
8 0.120313 0.417593 0.058333 0.100000
2 0.225521 0.549074 0.120833 0.227778
1 0.479687 0.657407 0.034375 0.053704
4 0.487500 0.801852 0.050000 0.212963
1 0.573958 0.148611 0.106250 0.075000
1 0.499740 0.216204 0.097396 0.036111
2 0.213281 0.923611 0.176563 0.149074
4 0.042188 0.775926 0.084375 0.246296