5 0.268750 0.604167 0.365625 0.543519
2 0.208854 0.522222 0.162500 0.168519
3 0.484896 0.843519 0.082292 0.309259
3 0.431771 0.980556 0.041667 0.035185
3 0.405729 0.933796 0.043750 0.054630
3 0.474740 0.954167 0.029687 0.049074
2 0.542188 0.717130 0.089583 0.141667
0 0.772917 0.243981 0.269792 0.486111
1 0.294531 0.191204 0.099479 0.280556
2 0.193750 0.336574 0.387500 0.163889
4 0.087500 0.839352 0.020833 0.315741
3 0.685937 0.888426 0.072917 0.102778
2 0.289844 0.902778 0.184896 0.190741
11 0.110677 0.500463 0.214062 0.997222
1 0.087240 0.418981 0.027604 0.052778
4 0.546094 0.610185 0.078646 0.187037
1 0.476302 0.503241 0.025521 0.052778
1 0.351042 0.037037 0.089583 0.074074