5 0.265365 0.514815 0.335938 0.487037
2 0.203125 0.470833 0.168750 0.121296
3 0.497135 0.662500 0.115104 0.273148
2 0.518750 0.541667 0.082292 0.107407
3 0.452083 0.765741 0.066667 0.100000
3 0.661458 0.628704 0.062500 0.075926
3 0.302344 0.961574 0.068229 0.073148
3 0.346875 0.937037 0.038542 0.035185
3 0.411979 0.978704 0.083333 0.038889
3 0.680990 0.899074 0.108854 0.111111
1 0.221615 0.174074 0.102604 0.235185
2 0.139323 0.327315 0.277604 0.169444
4 0.153646 0.808333 0.102083 0.379630
2 0.312760 0.769444 0.179688 0.155556
0 0.619531 0.158333 0.309896 0.301852
11 0.083333 0.531481 0.132292 0.933333
1 0.046615 0.448148 0.026562 0.044444
4 0.500521 0.468519 0.087500 0.114815