5 0.505990 0.535648 0.340104 0.475000
2 0.437760 0.492593 0.149479 0.114815
3 0.747135 0.653704 0.127604 0.244444
2 0.741146 0.546296 0.072917 0.092593
3 0.875521 0.612500 0.055208 0.065741
3 0.718750 0.756481 0.058333 0.087037
2 0.581250 0.743981 0.185417 0.187963
4 0.440365 0.842130 0.147396 0.312037
3 0.609635 0.952778 0.067187 0.057407
3 0.718750 0.950000 0.072917 0.088889
3 0.652083 0.923148 0.042708 0.029630
1 0.408854 0.213426 0.113542 0.247222
1 0.065365 0.845833 0.074479 0.169444
8 0.102083 0.597685 0.087500 0.119444
11 0.278385 0.580093 0.345313 0.839815
1 0.230469 0.481481 0.023438 0.057407
0 0.760156 0.163889 0.303646 0.324074
2 0.277083 0.405093 0.367708 0.267593
2 0.033594 0.646759 0.065104 0.069444
11 0.144792 0.887500 0.069792 0.082407
3 0.922917 0.845833 0.094792 0.126852