5 0.798698 0.598148 0.315104 0.433333
11 0.551562 0.562500 0.453125 0.873148
4 0.745052 0.865741 0.135937 0.266667
2 0.744271 0.554630 0.151042 0.118519
1 0.676302 0.289352 0.108854 0.273148
8 0.363802 0.636574 0.098437 0.117593
1 0.503906 0.522685 0.023438 0.041667
1 0.347656 0.885648 0.073438 0.160185
3 0.116927 0.818981 0.142187 0.126852
11 0.246875 0.142130 0.118750 0.208333
3 0.911458 0.973148 0.056250 0.050000
3 0.978125 0.807407 0.040625 0.068519
2 0.529948 0.474537 0.396354 0.287963
2 0.879427 0.817593 0.142187 0.124074
3 0.973958 0.678241 0.050000 0.150926
2 0.276562 0.680556 0.101042 0.070370
11 0.437500 0.926852 0.064583 0.087037
11 0.215625 0.268056 0.373958 0.430556