5 0.847396 0.514352 0.303125 0.443519
2 0.795312 0.484259 0.133333 0.124074
1 0.399740 0.823148 0.074479 0.170370
8 0.408333 0.564815 0.095833 0.122222
3 0.151562 0.766667 0.148958 0.135185
4 0.845833 0.830556 0.209375 0.333333
2 0.931250 0.744444 0.134375 0.122222
11 0.620833 0.518056 0.545833 0.958333
1 0.550000 0.449537 0.023958 0.049074
1 0.719531 0.210648 0.111979 0.276852
11 0.495573 0.868056 0.073438 0.097222
2 0.317708 0.613426 0.106250 0.069444
11 0.271094 0.092130 0.124479 0.180556
11 0.236719 0.209722 0.384896 0.419444
2 0.544010 0.416204 0.333854 0.263889