5 0.886979 0.490741 0.223958 0.464815
2 0.863802 0.448611 0.107813 0.115741
1 0.775781 0.182870 0.122396 0.297222
3 0.184896 0.805556 0.169792 0.155556
1 0.470573 0.848611 0.075521 0.193519
8 0.443490 0.563426 0.131771 0.136111
11 0.645573 0.500926 0.575521 0.953704
1 0.607031 0.436574 0.029687 0.056481
11 0.276562 0.087037 0.145833 0.172222
11 0.579688 0.888426 0.087500 0.106481
2 0.358594 0.624537 0.118229 0.073148
4 0.916146 0.797685 0.165625 0.306481
1 0.024740 0.769907 0.049479 0.169444
2 0.590625 0.411574 0.347917 0.306481
11 0.257812 0.214352 0.431250 0.428704