5 0.590625 0.333796 0.323958 0.441667
2 0.535417 0.325926 0.144792 0.083333
3 0.812240 0.334259 0.128646 0.162963
11 0.474479 0.570370 0.909375 0.855556
1 0.268490 0.434259 0.027604 0.055556
1 0.396354 0.121296 0.144792 0.242593
8 0.146094 0.630093 0.085938 0.123148
1 0.215625 0.900000 0.057292 0.196296
11 0.339844 0.868056 0.097396 0.128704
11 0.168229 0.949074 0.027083 0.100000
3 0.805990 0.618519 0.066146 0.038889
3 0.878125 0.581944 0.045833 0.082407
3 0.820833 0.579167 0.033333 0.017593
3 0.873177 0.544444 0.028646 0.033333
3 0.814583 0.434259 0.044792 0.066667
4 0.653646 0.631019 0.300000 0.230556
0 0.690365 0.051852 0.179688 0.103704
3 0.878125 0.274074 0.048958 0.048148
3 0.859115 0.324537 0.017188 0.026852
2 0.726042 0.487963 0.125000 0.100000
2 0.066667 0.733333 0.108333 0.090741
2 0.246875 0.421759 0.282292 0.454630
3 0.941406 0.845833 0.069271 0.108333