5 0.356771 0.302315 0.326042 0.450926
2 0.294271 0.337963 0.115625 0.062963
3 0.572396 0.225463 0.125000 0.095370
3 0.614062 0.143056 0.038542 0.047222
3 0.678385 0.422685 0.042188 0.082407
3 0.615104 0.492593 0.053125 0.051852
11 0.432292 0.675926 0.864583 0.455556
4 0.495833 0.579630 0.300000 0.111111
1 0.122917 0.184722 0.163542 0.228704
2 0.170833 0.276389 0.046875 0.162037
2 0.059375 0.404167 0.118750 0.269444
1 0.051823 0.569444 0.028646 0.055556
3 0.083073 0.469444 0.053646 0.068519
3 0.932292 0.769444 0.050000 0.138889
1 0.838021 0.695370 0.026042 0.035185
3 0.789583 0.630556 0.045833 0.114815
11 0.216927 0.968056 0.070312 0.062037
3 0.583333 0.315278 0.039583 0.065741
2 0.521094 0.402778 0.109896 0.157407
1 0.992188 0.542593 0.013542 0.050000
11 0.939583 0.445370 0.032292 0.109259