0 0.710677 0.233796 0.063021 0.210185
3 0.446615 0.684259 0.093229 0.179630
11 0.281771 0.764815 0.402083 0.470370
3 0.522135 0.566204 0.075521 0.184259
3 0.580469 0.517130 0.070312 0.104630
3 0.606250 0.878241 0.117708 0.243519
3 0.699219 0.903241 0.059896 0.193519
11 0.153906 0.640741 0.204687 0.179630
11 0.806771 0.712963 0.113542 0.151852
0 0.697656 0.622685 0.066146 0.112037
10 0.427083 0.850463 0.080208 0.154630
3 0.883333 0.244444 0.089583 0.079630
3 0.807292 0.362963 0.086458 0.059259
3 0.664583 0.133333 0.090625 0.057407
3 0.864583 0.301852 0.105208 0.055556