11 0.276302 0.761574 0.413021 0.476852
3 0.447917 0.687500 0.095833 0.187963
3 0.526042 0.566667 0.073958 0.179630
3 0.605990 0.870370 0.115104 0.259259
10 0.425260 0.854630 0.091146 0.137037
3 0.699479 0.904630 0.057292 0.190741
0 0.709115 0.234722 0.066146 0.217593
11 0.148698 0.628241 0.220312 0.189815
0 0.700521 0.626852 0.058333 0.125926
3 0.582552 0.519444 0.066146 0.098148
11 0.804427 0.700926 0.101562 0.133333
3 0.807292 0.362963 0.086458 0.059259
3 0.864583 0.301852 0.105208 0.055556
3 0.883333 0.244444 0.089583 0.079630
3 0.664583 0.133333 0.090625 0.057407