11 0.338281 0.639815 0.285938 0.518519
3 0.626563 0.639352 0.134375 0.295370
10 0.471615 0.602315 0.066146 0.115741
11 0.198698 0.528241 0.174479 0.191667
3 0.777865 0.787037 0.128646 0.183333
0 0.817969 0.617130 0.091146 0.115741
3 0.675000 0.610185 0.056250 0.201852
3 0.507031 0.393056 0.040104 0.145370
3 0.461458 0.493056 0.057292 0.136111
3 0.543229 0.355556 0.055208 0.068519
0 0.614583 0.113426 0.060417 0.175000
0 0.650521 0.398148 0.035417 0.088889
11 0.728646 0.428704 0.073958 0.068519
3 0.700521 0.200000 0.065625 0.055556
3 0.561719 0.049537 0.076563 0.045370
3 0.741667 0.106019 0.066667 0.047222
3 0.737240 0.151389 0.083854 0.049074