0 0.406250 0.233796 0.812500 0.452778
0 0.098437 0.423611 0.196875 0.089815
3 0.230469 0.437500 0.060937 0.052778
1 0.328646 0.529167 0.075000 0.178704
1 0.166146 0.693519 0.117708 0.246296
1 0.295312 0.925463 0.134375 0.139815
1 0.394792 0.922222 0.065625 0.129630
1 0.827604 0.445370 0.032292 0.048148
3 0.112500 0.112500 0.098958 0.084259
3 0.041927 0.668519 0.060937 0.079630
1 0.936979 0.478704 0.069792 0.127778
11 0.648438 0.213889 0.118750 0.077778
11 0.853125 0.151389 0.039583 0.036111
1 0.956250 0.061574 0.035417 0.050926