0 0.387760 0.267130 0.775521 0.460185
0 0.067708 0.462963 0.135417 0.081481
3 0.165104 0.477315 0.058333 0.045370
1 0.250000 0.566667 0.078125 0.181481
1 0.087760 0.714352 0.116146 0.226852
1 0.203646 0.938889 0.130208 0.118519
1 0.291406 0.943519 0.067187 0.109259
1 0.762240 0.489815 0.033854 0.046296
3 0.074740 0.153241 0.091146 0.084259
1 0.879687 0.527315 0.069792 0.121296
11 0.588281 0.258333 0.122396 0.077778
11 0.811979 0.192593 0.042708 0.038889
2 0.962500 0.265741 0.035417 0.103704
1 0.927604 0.100000 0.037500 0.055556
2 0.971354 0.195370 0.055208 0.111111