0 0.322917 0.348611 0.645833 0.541667
1 0.060156 0.701852 0.084896 0.190741
1 0.744531 0.647222 0.072396 0.144444
1 0.610938 0.613889 0.039583 0.050000
2 0.901302 0.256944 0.057813 0.106481
3 0.954688 0.251852 0.037500 0.103704
11 0.435937 0.360648 0.143750 0.091667
11 0.702604 0.266204 0.045833 0.039815
2 0.877604 0.335648 0.039583 0.119444
1 0.849219 0.151389 0.035937 0.056481
11 0.960677 0.527778 0.072396 0.122222
3 0.922917 0.141204 0.044792 0.049074
3 0.904427 0.151389 0.010937 0.019444
3 0.890625 0.156944 0.011458 0.012037
3 0.945833 0.137037 0.037500 0.050000