0 0.274479 0.501852 0.548958 0.648148
2 0.852604 0.369907 0.067708 0.128704
3 0.915365 0.357870 0.046354 0.115741
5 0.950781 0.518056 0.097396 0.506481
1 0.465365 0.808333 0.048438 0.057407
1 0.626823 0.856944 0.091146 0.189815
2 0.942969 0.926389 0.111979 0.143519
11 0.285156 0.505093 0.191146 0.108333
11 0.619792 0.382407 0.050000 0.048148
2 0.814583 0.462963 0.057292 0.140741
1 0.802083 0.236574 0.039583 0.060185
11 0.902604 0.693519 0.095833 0.151852
3 0.890885 0.218981 0.046354 0.060185
3 0.922396 0.216667 0.041667 0.048148
3 0.870313 0.237963 0.013542 0.024074
3 0.851042 0.241204 0.012500 0.012037