0 0.200521 0.543981 0.401042 0.706481
1 0.279687 0.883796 0.052083 0.063889
1 0.442448 0.914352 0.080729 0.167593
2 0.748177 0.371296 0.071354 0.138889
3 0.817448 0.355093 0.057813 0.128704
5 0.892708 0.595370 0.212500 0.679630
1 0.891667 0.951389 0.207292 0.095370
11 0.778646 0.743981 0.102083 0.152778
2 0.698958 0.478241 0.064583 0.154630
2 0.826042 0.969907 0.100000 0.056481
11 0.479687 0.401852 0.056250 0.048148
1 0.698177 0.220833 0.039062 0.047222
3 0.798698 0.199537 0.044271 0.050926
3 0.837500 0.197222 0.038542 0.044444
3 0.778646 0.222685 0.012500 0.015741
3 0.757292 0.227778 0.012500 0.007407
11 0.111719 0.553704 0.202604 0.125926