1 0.570573 0.921759 0.233854 0.152778
2 0.504948 0.936574 0.127604 0.123148
2 0.792708 0.875463 0.231250 0.076852
2 0.476042 0.272222 0.070833 0.140741
5 0.731771 0.495833 0.470833 0.717593
2 0.811198 0.565741 0.220312 0.100000
1 0.756510 0.546296 0.059896 0.083333
1 0.762500 0.473148 0.026042 0.044444
11 0.492188 0.671296 0.109375 0.148148
1 0.133333 0.915278 0.094792 0.165741
0 0.056771 0.378241 0.113542 0.373148
0 0.015625 0.327315 0.031250 0.132407
1 0.390885 0.967593 0.033854 0.061111
2 0.408333 0.410648 0.089583 0.191667
11 0.959375 0.430556 0.077083 0.616667
3 0.807031 0.903241 0.054688 0.091667
11 0.191927 0.356944 0.054688 0.060185
1 0.432812 0.132407 0.043750 0.057407
3 0.549740 0.084259 0.047396 0.046296
3 0.521875 0.109722 0.014583 0.017593
3 0.496875 0.118981 0.012500 0.008333
3 0.589844 0.073148 0.033854 0.048148