11 0.316146 0.306944 0.231250 0.287963
3 0.416406 0.232407 0.051562 0.090741
10 0.420312 0.299537 0.051042 0.084259
3 0.545052 0.309722 0.099479 0.184259
3 0.331510 0.675463 0.125521 0.212037
3 0.535417 0.830556 0.109375 0.205556
3 0.588281 0.293519 0.043229 0.131481
11 0.197656 0.255093 0.139063 0.123148
3 0.457292 0.173148 0.038542 0.096296
3 0.491667 0.150463 0.042708 0.045370
0 0.573177 0.175926 0.033854 0.074074
11 0.639323 0.198148 0.060937 0.055556
3 0.658594 0.389815 0.097396 0.096296
0 0.696094 0.290278 0.071354 0.084259