1 0.108854 0.897685 0.090625 0.200926
1 0.347396 0.950463 0.032292 0.062037
1 0.513802 0.908796 0.205729 0.178704
2 0.448698 0.926852 0.120313 0.144444
5 0.693750 0.487500 0.475000 0.715741
2 0.440365 0.269444 0.066146 0.138889
2 0.748177 0.865741 0.249479 0.090741
2 0.772656 0.551852 0.225521 0.101852
1 0.710156 0.533796 0.042188 0.082407
1 0.728385 0.466667 0.025521 0.046296
8 0.423958 0.654167 0.055208 0.162037
2 0.377865 0.390741 0.076563 0.164815
0 0.042969 0.372222 0.085938 0.370370
11 0.951302 0.465278 0.095312 0.597222
3 0.768750 0.886111 0.047917 0.085185
11 0.162240 0.355556 0.057813 0.053704
3 0.522396 0.083796 0.050000 0.050926
3 0.561719 0.073148 0.040104 0.048148
3 0.493229 0.109722 0.014583 0.015741
3 0.466406 0.118519 0.015104 0.011111
1 0.402604 0.132407 0.039583 0.057407