5 0.672135 0.593056 0.472396 0.699074
2 0.743229 0.657407 0.232292 0.092593
1 0.685417 0.644907 0.044792 0.082407
1 0.707292 0.574537 0.022917 0.041667
2 0.423958 0.381481 0.063542 0.137037
8 0.404427 0.763889 0.059896 0.153704
11 0.940104 0.628241 0.114583 0.737963
0 0.038281 0.484722 0.076563 0.334259
2 0.361458 0.502778 0.078125 0.161111
1 0.065104 0.947222 0.057292 0.103704
1 0.496615 0.956019 0.146354 0.086111
2 0.433333 0.979630 0.070833 0.037037
2 0.725260 0.962963 0.242188 0.070370
1 0.388542 0.246296 0.039583 0.057407
11 0.148438 0.464352 0.054167 0.052778
3 0.502604 0.189815 0.044792 0.066667
3 0.544271 0.186111 0.042708 0.046296
3 0.479167 0.223611 0.014583 0.019444
3 0.453646 0.237500 0.012500 0.008333
3 0.381510 0.112037 0.047396 0.046296