5 0.707031 0.665741 0.534896 0.661111
2 0.424479 0.475000 0.077083 0.168519
2 0.786198 0.839352 0.280729 0.147222
1 0.742969 0.711111 0.028646 0.048148
2 0.352604 0.632407 0.088542 0.214815
0 0.013021 0.625926 0.026042 0.285185
11 0.956250 0.645833 0.085417 0.678704
3 0.508594 0.211111 0.067187 0.103704
3 0.557292 0.216667 0.040625 0.050000
3 0.442708 0.249074 0.025000 0.024074
3 0.451042 0.279167 0.017708 0.017593
3 0.481771 0.266667 0.017708 0.024074
1 0.724740 0.822222 0.051562 0.098148
11 0.112240 0.584259 0.061979 0.061111
1 0.381250 0.301852 0.045833 0.066667
3 0.366927 0.135648 0.041146 0.049074