11 0.460938 0.811574 0.082292 0.062037
1 0.078646 0.105093 0.058333 0.113889
1 0.242969 0.089352 0.073438 0.069444
0 0.175000 0.693981 0.350000 0.608333
1 0.219792 0.793519 0.036458 0.050000
11 0.032292 0.956944 0.064583 0.082407
2 0.843229 0.792593 0.093750 0.222222
3 0.944271 0.759259 0.095833 0.261111
1 0.794271 0.530556 0.048958 0.090741
3 0.773177 0.298148 0.042188 0.050000
3 0.922656 0.475000 0.057813 0.094444
3 0.899219 0.518981 0.014063 0.026852
3 0.976823 0.481019 0.044271 0.063889
5 0.932031 0.903241 0.086979 0.189815