3 0.451302 0.496759 0.088021 0.160185
3 0.632292 0.553704 0.094792 0.127778
11 0.366667 0.228704 0.117708 0.222222
3 0.545052 0.206481 0.105729 0.127778
11 0.236719 0.213889 0.114062 0.120370
10 0.447917 0.220370 0.038542 0.055556
3 0.442448 0.111574 0.023438 0.071296
0 0.541146 0.090741 0.032292 0.066667
3 0.467187 0.091667 0.036458 0.029630
3 0.576823 0.188889 0.045312 0.090741
11 0.594792 0.111111 0.044792 0.035185
3 0.653646 0.242130 0.076042 0.080556
0 0.662760 0.169907 0.056771 0.067593
3 0.426042 0.169444 0.030208 0.074074