1 0.666406 0.675463 0.057813 0.104630
1 0.632812 0.899537 0.033333 0.067593
1 0.556510 0.936574 0.039062 0.060185
1 0.517448 0.875926 0.035937 0.062963
1 0.472135 0.772685 0.048438 0.067593
1 0.375521 0.750463 0.022917 0.041667
1 0.355990 0.785648 0.020313 0.025000
1 0.360156 0.748611 0.013021 0.026852
1 0.428906 0.401389 0.027604 0.047222
1 0.426302 0.493519 0.026562 0.055556
1 0.409896 0.605093 0.018750 0.039815
1 0.325521 0.261574 0.013542 0.034259
1 0.308594 0.141204 0.015104 0.036111
1 0.324740 0.905556 0.014063 0.037037
1 0.342708 0.910185 0.015625 0.037037
1 0.338802 0.624074 0.014063 0.037037
1 0.313542 0.625926 0.012500 0.022222
1 0.308594 0.690741 0.015104 0.027778
1 0.282031 0.819907 0.015104 0.039815