1 0.888802 0.356944 0.015104 0.039815
1 0.867448 0.373611 0.021354 0.037963
1 0.821354 0.319444 0.023958 0.037037
1 0.795833 0.326389 0.020833 0.032407
1 0.720573 0.274074 0.022396 0.042593
1 0.688802 0.278704 0.020313 0.029630
1 0.635156 0.228241 0.021354 0.034259
1 0.486979 0.218981 0.026042 0.037963
1 0.497135 0.343981 0.027604 0.041667
1 0.541667 0.372222 0.023958 0.037037
1 0.591667 0.406481 0.023958 0.040741
1 0.509635 0.400926 0.023438 0.031481
1 0.551823 0.495833 0.027604 0.045370
1 0.258073 0.241667 0.027604 0.040741
1 0.136979 0.238889 0.020833 0.029630
1 0.230990 0.387500 0.016146 0.026852
1 0.296094 0.418981 0.022396 0.037963
1 0.341406 0.426389 0.021354 0.037963
1 0.407813 0.497685 0.022917 0.039815
1 0.480208 0.586574 0.020833 0.037963
1 0.599740 0.648611 0.020313 0.028704
1 0.810937 0.506019 0.017708 0.036111
1 0.861979 0.575463 0.013542 0.026852
1 0.687240 0.700926 0.021354 0.027778
1 0.840104 0.618981 0.018750 0.025000
1 0.401562 0.612963 0.017708 0.033333
1 0.091667 0.133796 0.017708 0.032407
1 0.120833 0.158796 0.016667 0.025000
1 0.034115 0.142130 0.014063 0.032407
1 0.043490 0.179167 0.019271 0.037963
1 0.015104 0.266667 0.030208 0.031481
1 0.100260 0.374074 0.018229 0.031481
1 0.073958 0.430093 0.018750 0.026852
1 0.066667 0.461574 0.023958 0.037963
1 0.292969 0.671759 0.021354 0.026852
1 0.463021 0.768056 0.020833 0.039815
1 0.527865 0.836111 0.022396 0.033333
1 0.800000 0.705556 0.017708 0.027778
1 0.817448 0.672685 0.019271 0.036111
1 0.901823 0.750463 0.018229 0.026852
1 0.655990 0.756481 0.018229 0.029630
1 0.684896 0.840278 0.016667 0.025000
1 0.517448 0.898148 0.021354 0.027778
1 0.372135 0.837963 0.018229 0.033333
1 0.171354 0.535648 0.022917 0.032407
1 0.636719 0.932870 0.019271 0.034259