1 0.815885 0.588426 0.055729 0.071296
1 0.659635 0.668056 0.040104 0.099074
1 0.622396 0.609259 0.036458 0.075926
1 0.583594 0.872685 0.035937 0.071296
1 0.466406 0.693056 0.030729 0.058333
1 0.506771 0.876389 0.018750 0.039815
1 0.545312 0.959259 0.023958 0.053704
1 0.377604 0.423148 0.020833 0.040741
1 0.358594 0.625463 0.015104 0.045370
1 0.338021 0.593519 0.023958 0.033333
1 0.351042 0.649537 0.017708 0.039815
1 0.373437 0.726389 0.013542 0.037963
1 0.376823 0.768056 0.015104 0.034259
1 0.409375 0.802315 0.020833 0.054630
1 0.391406 0.846759 0.021354 0.045370
1 0.417448 0.912500 0.023438 0.037963
1 0.340365 0.453241 0.023438 0.039815
1 0.338281 0.412500 0.018229 0.032407