1 0.952865 0.543056 0.018229 0.041667
1 0.868229 0.511574 0.026042 0.045370
1 0.922135 0.569907 0.021354 0.041667
1 0.684635 0.518519 0.035937 0.055556
1 0.328906 0.543519 0.035937 0.064815
1 0.101042 0.401852 0.025000 0.046296
1 0.130469 0.532407 0.032813 0.051852
1 0.692708 0.686111 0.037500 0.046296
1 0.749740 0.717130 0.028646 0.050926
1 0.805208 0.746296 0.026042 0.042593
1 0.840885 0.656019 0.018229 0.026852
1 0.860938 0.655093 0.022917 0.034259
1 0.706771 0.758796 0.026042 0.047222
1 0.093229 0.718519 0.022917 0.037037
1 0.295573 0.762037 0.028646 0.044444
1 0.399740 0.806481 0.033854 0.055556
1 0.466927 0.812500 0.028646 0.047222
1 0.563802 0.897222 0.033854 0.046296
1 0.750781 0.868519 0.025521 0.046296
1 0.058854 0.785648 0.025000 0.041667
1 0.051562 0.834259 0.023958 0.040741