1 0.594531 0.632870 0.029687 0.047222
1 0.639323 0.505556 0.032813 0.038889
1 0.651302 0.414815 0.029687 0.046296
1 0.488021 0.420833 0.030208 0.036111
1 0.430469 0.370833 0.023438 0.039815
1 0.463281 0.354630 0.025521 0.037037
1 0.497656 0.367130 0.026562 0.039815
1 0.441927 0.231944 0.021354 0.026852
1 0.456510 0.171759 0.022396 0.036111
1 0.709115 0.372222 0.023438 0.044444
1 0.561979 0.341204 0.026042 0.037963
1 0.613542 0.269907 0.018750 0.026852
1 0.719271 0.230556 0.017708 0.033333
1 0.467448 0.088426 0.015104 0.034259
1 0.478906 0.130093 0.018229 0.039815
1 0.637500 0.121296 0.014583 0.025926
1 0.746094 0.293981 0.023438 0.047222
1 0.808854 0.430093 0.015625 0.037963