1 0.141146 0.428241 0.016667 0.023148
1 0.218750 0.432870 0.015625 0.028704
1 0.161458 0.379167 0.012500 0.013889
1 0.378385 0.393056 0.016146 0.023148
1 0.377083 0.422685 0.025000 0.026852
1 0.463542 0.475000 0.030208 0.027778
1 0.486719 0.620370 0.024479 0.055556
1 0.706250 0.425000 0.029167 0.031481
1 0.619010 0.326852 0.029687 0.042593
1 0.726042 0.261574 0.031250 0.039815
1 0.671094 0.167130 0.024479 0.043519
1 0.747656 0.150000 0.021354 0.033333
1 0.900781 0.243519 0.033854 0.031481
1 0.619010 0.253241 0.020313 0.037963
1 0.733854 0.482407 0.038542 0.057407
1 0.979167 0.551389 0.026042 0.026852