1 0.620833 0.488426 0.027083 0.036111
1 0.646354 0.492130 0.026042 0.034259
1 0.661719 0.321296 0.024479 0.046296
1 0.854688 0.546759 0.031250 0.037963
1 0.835677 0.495370 0.024479 0.038889
1 0.834375 0.427315 0.028125 0.036111
1 0.704948 0.390278 0.019271 0.039815
1 0.711458 0.415278 0.016667 0.026852
1 0.710938 0.490278 0.012500 0.023148
1 0.705990 0.513889 0.011979 0.024074
1 0.570052 0.468981 0.019271 0.034259
1 0.563281 0.377778 0.027604 0.044444
1 0.510156 0.327778 0.021354 0.042593
1 0.511979 0.169907 0.026042 0.037963
1 0.851562 0.375463 0.033333 0.047222
1 0.826562 0.315278 0.032292 0.039815
1 0.732031 0.302315 0.029687 0.039815
1 0.788542 0.433796 0.035417 0.039815