3 0.265625 0.474537 0.107292 0.126852
1 0.133333 0.236574 0.037500 0.097222
1 0.024479 0.299537 0.048958 0.062037
1 0.066667 0.281481 0.031250 0.070370
3 0.371094 0.611574 0.060937 0.058333
3 0.426823 0.608333 0.015104 0.031481
3 0.351042 0.631944 0.013542 0.019444
1 0.752083 0.383796 0.062500 0.078704
1 0.619792 0.322685 0.038542 0.052778
2 0.014323 0.092130 0.028646 0.184259
3 0.747656 0.466204 0.043229 0.067593
1 0.759635 0.576852 0.046354 0.075926
1 0.729167 0.454167 0.023958 0.041667
1 0.852083 0.397222 0.082292 0.100000