3 0.292448 0.506481 0.104688 0.137037
3 0.392969 0.655556 0.064062 0.077778
3 0.452344 0.655556 0.015104 0.035185
3 0.377604 0.675463 0.014583 0.021296
1 0.779167 0.427778 0.058333 0.074074
1 0.651563 0.369907 0.040625 0.056481
1 0.163281 0.275926 0.036979 0.068519
1 0.093490 0.309259 0.035937 0.059259
1 0.050260 0.328704 0.053646 0.066667
2 0.028906 0.109259 0.057813 0.218519
1 0.878385 0.456944 0.065104 0.084259
3 0.776302 0.518981 0.043229 0.067593
1 0.787240 0.630556 0.042188 0.087037
1 0.756771 0.507870 0.026042 0.045370