2 0.023698 0.118519 0.047396 0.237037
3 0.273958 0.548148 0.106250 0.135185
3 0.378646 0.690741 0.062500 0.066667
3 0.432812 0.688889 0.014583 0.031481
3 0.358073 0.711111 0.015104 0.022222
1 0.145052 0.320370 0.035937 0.066667
1 0.077083 0.356481 0.037500 0.061111
1 0.040625 0.371759 0.038542 0.054630
1 0.631510 0.404630 0.039062 0.048148
1 0.762760 0.468519 0.061979 0.070370
1 0.868750 0.487500 0.056250 0.073148
3 0.757031 0.549537 0.043229 0.067593
1 0.767188 0.655093 0.050000 0.075000
1 0.738542 0.537500 0.022917 0.041667