3 0.561198 0.609259 0.157812 0.162963
1 0.533854 0.391204 0.118750 0.063889
2 0.614844 0.904630 0.101562 0.081481
3 0.863542 0.725926 0.061458 0.070370
2 0.801823 0.715741 0.091146 0.166667
11 0.905990 0.800926 0.120313 0.157407
6 0.807292 0.531019 0.144792 0.150926
11 0.931771 0.241204 0.134375 0.482407
2 0.144531 0.324537 0.103646 0.106481
4 0.142448 0.316204 0.059896 0.062037
1 0.347396 0.187963 0.042708 0.079630
1 0.446875 0.140278 0.039583 0.045370
2 0.921875 0.932870 0.036458 0.130556
2 0.842969 0.863426 0.038021 0.091667
1 0.925000 0.417130 0.041667 0.089815