3 0.532031 0.618519 0.156771 0.161111
1 0.507292 0.401389 0.118750 0.063889
11 0.877344 0.815741 0.117188 0.153704
6 0.778906 0.539815 0.144271 0.159259
2 0.772135 0.725000 0.092188 0.170370
2 0.582552 0.918519 0.104688 0.081481
11 0.921615 0.247685 0.155729 0.495370
1 0.830729 0.453704 0.048958 0.103704
3 0.835417 0.736574 0.062500 0.069444
2 0.119010 0.331481 0.097396 0.100000
4 0.120313 0.321296 0.040625 0.057407
1 0.317448 0.194907 0.038021 0.078704
1 0.423698 0.147222 0.039062 0.046296
2 0.814844 0.876389 0.033854 0.093519
2 0.891927 0.937963 0.033854 0.120370