0 0.155469 0.472685 0.310937 0.463889
1 0.149479 0.505093 0.029167 0.049074
1 0.190104 0.494907 0.025000 0.045370
1 0.143750 0.450926 0.026042 0.040741
1 0.559896 0.146296 0.040625 0.055556
1 0.575781 0.020370 0.038021 0.033333
1 0.897135 0.855093 0.134896 0.065741
3 0.604688 0.960185 0.018750 0.074074
1 0.312760 0.124074 0.085938 0.042593
3 0.440104 0.109722 0.068750 0.073148
10 0.443490 0.133333 0.045312 0.044444
8 0.747135 0.277315 0.097396 0.080556
1 0.747135 0.298611 0.022396 0.037963
1 0.330990 0.311574 0.047396 0.086111