1 0.457031 0.425926 0.064062 0.070370
1 0.486198 0.493519 0.025521 0.068519
1 0.661458 0.519444 0.051042 0.033333
1 0.709375 0.754167 0.048958 0.067593
1 0.764844 0.680556 0.047396 0.042593
1 0.511719 0.738889 0.055729 0.070370
1 0.390104 0.766667 0.045833 0.050000
4 0.601302 0.767593 0.545312 0.459259
4 0.488021 0.367130 0.976042 0.650926
4 0.475521 0.532407 0.270833 0.292593
4 0.709635 0.494907 0.081771 0.160185
4 0.083333 0.856481 0.166667 0.283333
1 0.803385 0.368056 0.041146 0.069444
1 0.212240 0.507407 0.032813 0.053704
1 0.093229 0.778704 0.057292 0.055556