4 0.498958 0.484259 0.995833 0.835185
4 0.676823 0.653241 0.552604 0.502778
4 0.726042 0.394907 0.280208 0.084259
4 0.771615 0.877315 0.454688 0.241667
1 0.569531 0.824074 0.042188 0.057407
1 0.878125 0.785185 0.043750 0.066667
1 0.930469 0.724074 0.047396 0.044444
1 0.607031 0.466204 0.066146 0.067593
1 0.644271 0.537500 0.031250 0.084259
1 0.693229 0.797222 0.056250 0.055556
1 0.238281 0.851852 0.056771 0.059259
1 0.150000 0.599074 0.037500 0.053704
1 0.932031 0.400926 0.045312 0.083333
1 0.350000 0.552778 0.035417 0.059259