1 0.235937 0.424074 0.042708 0.070370
1 0.223698 0.313426 0.035937 0.058333
1 0.251823 0.142593 0.040104 0.059259
1 0.297656 0.492593 0.035937 0.066667
1 0.393750 0.384259 0.047917 0.075926
1 0.382812 0.479167 0.056250 0.084259
1 0.390625 0.132407 0.025000 0.050000
1 0.399740 0.192130 0.026562 0.050926
1 0.413542 0.252315 0.030208 0.060185
1 0.413802 0.321759 0.032813 0.054630
0 0.482292 0.553704 0.152083 0.233333
1 0.718229 0.954167 0.057292 0.086111
4 0.742708 0.653241 0.464583 0.325000
1 0.986719 0.967593 0.023438 0.044444