1 0.271094 0.027778 0.042188 0.055556
1 0.169531 0.171296 0.035937 0.059259
1 0.126302 0.280093 0.043229 0.073148
1 0.143490 0.387500 0.044271 0.069444
1 0.276562 0.270370 0.043750 0.070370
1 0.241667 0.334259 0.063542 0.105556
1 0.237240 0.448611 0.048438 0.106481
0 0.350000 0.448611 0.200000 0.275000
1 0.385156 0.077778 0.031771 0.055556
1 0.370052 0.157407 0.047396 0.101852
1 0.404687 0.222222 0.064583 0.124074
4 0.616667 0.786111 0.383333 0.425926
1 0.375000 0.437963 0.038542 0.068519
1 0.383073 0.310648 0.048438 0.052778