0 0.445573 0.524537 0.219271 0.275000
1 0.222656 0.299074 0.043229 0.072222
1 0.277083 0.195833 0.037500 0.062037
1 0.389844 0.061574 0.046354 0.056481
1 0.368750 0.323611 0.039583 0.067593
1 0.329167 0.376389 0.054167 0.091667
1 0.227604 0.419444 0.055208 0.088889
1 0.308073 0.470370 0.066146 0.079630
1 0.502604 0.134259 0.035417 0.061111
1 0.486458 0.200926 0.058333 0.085185
1 0.517708 0.296296 0.070833 0.133333
4 0.669531 0.832407 0.304688 0.333333
1 0.470313 0.516667 0.038542 0.070370
1 0.482812 0.385185 0.039583 0.055556