1 0.266667 0.322222 0.044792 0.070370
1 0.326562 0.221296 0.036458 0.050000
1 0.451562 0.092593 0.051042 0.057407
1 0.559375 0.184259 0.037500 0.055556
1 0.539323 0.262963 0.054688 0.092593
1 0.568229 0.343056 0.082292 0.149074
1 0.407813 0.362963 0.045833 0.074074
1 0.363281 0.415741 0.047396 0.090741
1 0.263542 0.441667 0.060417 0.105556
1 0.355208 0.497685 0.045833 0.069444
1 0.511198 0.564815 0.041146 0.068519
0 0.470833 0.581944 0.203125 0.284259
4 0.658594 0.860648 0.209896 0.275000
1 0.536198 0.429167 0.045312 0.050926