1 0.229948 0.280556 0.040104 0.068519
1 0.296615 0.184259 0.035937 0.050000
1 0.218490 0.411574 0.059896 0.099074
1 0.358073 0.333333 0.041146 0.081481
1 0.315104 0.377315 0.054167 0.078704
1 0.310417 0.459722 0.065625 0.093519
1 0.421615 0.062500 0.050521 0.058333
1 0.517188 0.147222 0.034375 0.059259
1 0.494271 0.224537 0.064583 0.104630
1 0.516927 0.318981 0.055729 0.087963
1 0.514844 0.410185 0.054688 0.070370
1 0.472135 0.536574 0.059896 0.087963
0 0.430729 0.549074 0.215625 0.290741
1 0.564323 0.323148 0.043229 0.088889
4 0.619271 0.842593 0.226042 0.311111