1 0.176823 0.246296 0.031771 0.068519
1 0.241927 0.156481 0.035937 0.044444
1 0.372135 0.034722 0.054688 0.047222
1 0.162760 0.362037 0.048438 0.088889
1 0.288021 0.300463 0.043750 0.075000
1 0.245573 0.343519 0.048438 0.105556
1 0.454167 0.121759 0.038542 0.058333
1 0.424740 0.201389 0.047396 0.078704
1 0.451302 0.297222 0.054688 0.088889
1 0.505469 0.287963 0.048438 0.101852
1 0.453906 0.381019 0.064062 0.087963
1 0.253385 0.444444 0.046354 0.066667
1 0.402865 0.487037 0.045312 0.077778
0 0.353646 0.509722 0.194792 0.275000
4 0.553906 0.795833 0.235937 0.402778