1 0.105990 0.254167 0.035937 0.062037
1 0.172656 0.162037 0.032813 0.050000
1 0.296354 0.037500 0.039583 0.050926
1 0.097917 0.369907 0.037500 0.075000
1 0.200000 0.294444 0.037500 0.051852
1 0.160677 0.338889 0.051562 0.090741
1 0.169271 0.423611 0.051042 0.073148
1 0.369531 0.122685 0.031771 0.060185
1 0.345833 0.193981 0.050000 0.086111
1 0.368750 0.292130 0.053125 0.082407
1 0.427604 0.284722 0.058333 0.086111
1 0.370312 0.362963 0.060417 0.057407
0 0.263542 0.495370 0.182292 0.257407
4 0.464062 0.802778 0.221875 0.388889
1 0.930990 0.761574 0.135937 0.299074
1 0.317448 0.487037 0.045312 0.085185