1 0.055469 0.273611 0.038021 0.069444
1 0.124479 0.182407 0.036458 0.040741
1 0.244010 0.059259 0.052604 0.066667
1 0.282031 0.212963 0.054688 0.085185
1 0.307552 0.148148 0.040104 0.074074
1 0.307552 0.306019 0.059896 0.097222
1 0.370312 0.301389 0.071875 0.119444
1 0.304167 0.389352 0.070833 0.067593
1 0.130990 0.317130 0.039062 0.069444
1 0.098437 0.361111 0.050000 0.090741
1 0.046875 0.374537 0.031250 0.065741
1 0.258333 0.503241 0.040625 0.073148
0 0.205469 0.510648 0.189062 0.258333
4 0.384375 0.810648 0.193750 0.375000
1 0.888802 0.805556 0.155729 0.331481