0 0.454948 0.248611 0.047396 0.084259
0 0.140885 0.811574 0.150521 0.252778
1 0.042188 0.507407 0.033333 0.062963
1 0.111979 0.425463 0.033333 0.058333
1 0.235156 0.325000 0.047396 0.057407
1 0.260156 0.456019 0.035937 0.065741
1 0.233594 0.522685 0.061979 0.091667
1 0.331510 0.588889 0.074479 0.124074
1 0.255729 0.614352 0.057292 0.089815
1 0.263021 0.692593 0.058333 0.070370
1 0.203906 0.789815 0.038021 0.061111
4 0.241927 0.880093 0.047396 0.228704
1 0.077344 0.604630 0.028646 0.055556
1 0.049740 0.634259 0.034896 0.074074
1 0.057292 0.707870 0.033333 0.062037
1 0.022135 0.614352 0.022396 0.056481
1 0.852083 0.505093 0.039583 0.054630
1 0.907031 0.347222 0.028646 0.048148
1 0.753646 0.058796 0.032292 0.050926
1 0.638542 0.281944 0.035417 0.060185