2 0.444271 0.237963 0.134375 0.303704
1 0.215104 0.231944 0.037500 0.063889
1 0.027604 0.738426 0.053125 0.086111
1 0.648958 0.183333 0.029167 0.046296
1 0.436979 0.396759 0.042708 0.050926
1 0.874479 0.254630 0.037500 0.048148
1 0.759115 0.414815 0.121354 0.105556
4 0.453906 0.350463 0.353646 0.700926
1 0.640104 0.132870 0.113542 0.128704
1 0.322396 0.295370 0.035417 0.046296
1 0.525521 0.917130 0.311458 0.162037
4 0.545052 0.251852 0.177604 0.133333
4 0.939323 0.124537 0.119271 0.249074
1 0.712500 0.082870 0.038542 0.060185