1 0.234896 0.515741 0.044792 0.070370
1 0.443750 0.728241 0.111458 0.163889
1 0.719271 0.922222 0.042708 0.061111
1 0.771354 0.712037 0.068750 0.196296
1 0.802604 0.656019 0.030208 0.039815
5 0.559896 0.211111 0.200000 0.205556
5 0.234375 0.081944 0.295833 0.163889
1 0.364323 0.090741 0.024479 0.048148
1 0.512500 0.147222 0.022917 0.035185
0 0.422135 0.110648 0.079687 0.049074
1 0.548958 0.028704 0.018750 0.024074
4 0.046875 0.486111 0.093750 0.972222
1 0.514583 0.318056 0.016667 0.030556
1 0.103125 0.125463 0.023958 0.049074
1 0.813281 0.259722 0.022396 0.036111