1 0.224479 0.673611 0.051042 0.082407
1 0.436979 0.890741 0.114583 0.166667
1 0.758333 0.844907 0.068750 0.193519
5 0.545312 0.314352 0.198958 0.219444
5 0.212500 0.147222 0.300000 0.277778
1 0.345052 0.207870 0.025521 0.039815
1 0.494531 0.243519 0.026562 0.035185
0 0.399740 0.217130 0.079687 0.063889
1 0.792188 0.788889 0.031250 0.040741
1 0.527604 0.112500 0.020833 0.028704
4 0.043750 0.498611 0.065625 0.997222
1 0.502083 0.439352 0.018750 0.030556
1 0.080208 0.242593 0.026042 0.055556
1 0.799740 0.343981 0.022396 0.039815