1 0.597917 0.334722 0.035417 0.065741
1 0.889062 0.684722 0.036458 0.062037
1 0.217969 0.743981 0.046354 0.065741
1 0.154427 0.568981 0.027604 0.062037
1 0.201042 0.566204 0.039583 0.075000
1 0.133854 0.430556 0.194792 0.257407
1 0.361719 0.260185 0.028646 0.042593
3 0.410417 0.149537 0.133333 0.234259
1 0.389583 0.095833 0.038542 0.062037
4 0.953906 0.320370 0.088021 0.090741
1 0.810417 0.839352 0.036458 0.047222
1 0.801042 0.022222 0.056250 0.044444
0 0.413021 0.250000 0.035417 0.046296
8 0.745833 0.726389 0.242708 0.252778