1 0.026042 0.066204 0.030208 0.052778
1 0.275000 0.897222 0.044792 0.066667
1 0.205729 0.710648 0.031250 0.073148
1 0.252865 0.712963 0.042188 0.081481
1 0.182812 0.546296 0.195833 0.262963
1 0.653906 0.474537 0.034896 0.062037
1 0.414583 0.361111 0.032292 0.055556
3 0.463281 0.255093 0.133854 0.239815
1 0.443229 0.200926 0.038542 0.064815
1 0.933073 0.851852 0.035937 0.070370
1 0.615625 0.025463 0.028125 0.050926
1 0.833594 0.085185 0.096354 0.112963
0 0.465625 0.370370 0.036458 0.048148
8 0.793229 0.879630 0.239583 0.233333
4 0.976823 0.451852 0.044271 0.135185
4 0.411458 0.033333 0.085417 0.066667