1 0.205208 0.587963 0.206250 0.277778
1 0.230729 0.769444 0.027083 0.068519
1 0.279427 0.766667 0.041146 0.075926
1 0.302083 0.962963 0.045833 0.057407
1 0.692969 0.531944 0.038021 0.069444
1 0.448698 0.405556 0.034896 0.059259
3 0.495312 0.290741 0.138542 0.277778
1 0.474219 0.230556 0.035937 0.055556
1 0.044792 0.078241 0.032292 0.050926
1 0.875781 0.119907 0.101562 0.125000
1 0.653125 0.043981 0.033333 0.058333
1 0.973437 0.927315 0.034375 0.073148
4 0.438281 0.032407 0.092188 0.061111
0 0.498958 0.413889 0.038542 0.050000
8 0.836719 0.916204 0.233854 0.162037