1 0.224479 0.482407 0.027083 0.101852
1 0.161458 0.219444 0.011458 0.066667
1 0.249740 0.628241 0.022396 0.052778
1 0.407552 0.661111 0.016146 0.092593
1 0.422917 0.671759 0.013542 0.043519
1 0.527604 0.788426 0.014583 0.115741
1 0.571354 0.796759 0.029167 0.086111
1 0.897396 0.802315 0.032292 0.115741
1 0.370312 0.381019 0.013542 0.060185
1 0.324219 0.425000 0.016146 0.055556
1 0.957552 0.387963 0.015104 0.096296
1 0.863542 0.206481 0.020833 0.077778
1 0.757031 0.411111 0.009896 0.066667
1 0.542448 0.237037 0.010937 0.079630
1 0.007552 0.325000 0.010937 0.024074
1 0.020313 0.611111 0.012500 0.038889
1 0.129167 0.524074 0.012500 0.025926
1 0.119271 0.566667 0.006250 0.024074
1 0.069792 0.719907 0.012500 0.028704
1 0.298698 0.517130 0.008854 0.019444
1 0.334635 0.530556 0.008854 0.022222
1 0.234375 0.384259 0.011458 0.037037
1 0.226042 0.362037 0.008333 0.029630
1 0.375000 0.338889 0.012500 0.029630
1 0.510156 0.587963 0.014063 0.040741
1 0.539062 0.529630 0.013542 0.031481
1 0.585938 0.642593 0.019792 0.025926
1 0.575000 0.543981 0.009375 0.021296
1 0.477083 0.365278 0.012500 0.028704
1 0.551042 0.279630 0.008333 0.035185
1 0.635156 0.224537 0.007812 0.045370
1 0.701302 0.232870 0.015104 0.039815
1 0.814063 0.132870 0.013542 0.063889
1 0.790365 0.358796 0.014063 0.034259
1 0.803125 0.411111 0.021875 0.037037
1 0.904687 0.704630 0.022917 0.031481
1 0.886198 0.517130 0.016146 0.052778
1 0.952604 0.486111 0.020833 0.059259
1 0.916146 0.271296 0.009375 0.055556
1 0.957552 0.316204 0.015104 0.065741
1 0.985417 0.308796 0.013542 0.056481
1 0.985417 0.612037 0.011458 0.044444
1 0.849479 0.622222 0.012500 0.024074