1 0.120313 0.283796 0.014583 0.052778
1 0.176302 0.589815 0.010937 0.068519
1 0.460677 0.750000 0.031771 0.051852
1 0.503646 0.504630 0.020833 0.022222
1 0.760156 0.423611 0.029687 0.062037
1 0.963802 0.507870 0.050521 0.102778
1 0.494792 0.955093 0.027083 0.087963
1 0.362760 0.794444 0.038021 0.072222
1 0.323177 0.475926 0.019271 0.070370
1 0.956771 0.270370 0.035417 0.033333
1 0.225260 0.638426 0.028646 0.039815
1 0.206510 0.362037 0.015104 0.024074
1 0.201563 0.323148 0.013542 0.024074
1 0.370052 0.288889 0.018229 0.027778
1 0.470573 0.300926 0.010937 0.033333
1 0.559896 0.289352 0.022917 0.062037
1 0.641406 0.193519 0.010937 0.046296
1 0.561719 0.501852 0.018229 0.035185
1 0.546615 0.500926 0.013021 0.014815
1 0.579688 0.576852 0.007292 0.035185
1 0.701042 0.206019 0.007292 0.034259
1 0.834896 0.134259 0.018750 0.037037
1 0.800000 0.333333 0.012500 0.037037
1 0.903385 0.259722 0.019271 0.056481
1 0.839583 0.393981 0.019792 0.041667
1 0.949479 0.299537 0.016667 0.049074
1 0.964063 0.669444 0.019792 0.037037
1 0.862760 0.549074 0.018229 0.027778
1 0.034375 0.680093 0.018750 0.032407
1 0.104167 0.489352 0.013542 0.026852
1 0.259635 0.489815 0.009896 0.024074
1 0.406510 0.627778 0.008854 0.025926
1 0.328385 0.511574 0.015104 0.026852
1 0.337240 0.461574 0.015104 0.039815
1 0.907552 0.455093 0.007812 0.026852
1 0.306510 0.722685 0.009896 0.019444