1 0.062500 0.466667 0.030208 0.048148
1 0.138021 0.781481 0.038542 0.070370
1 0.261979 0.748148 0.032292 0.070370
1 0.709896 0.576852 0.042708 0.064815
1 0.541146 0.458333 0.040625 0.044444
1 0.202083 0.784722 0.035417 0.032407
1 0.916927 0.780093 0.053646 0.086111
1 0.832031 0.572685 0.027604 0.041667
1 0.458854 0.557870 0.025000 0.023148
1 0.568750 0.700000 0.020833 0.037037
1 0.311198 0.597685 0.019271 0.032407
1 0.568229 0.189815 0.023958 0.055556
1 0.624479 0.344907 0.028125 0.049074
1 0.842708 0.294907 0.032292 0.052778
1 0.189323 0.416204 0.019271 0.025000
1 0.178646 0.504167 0.010417 0.039815
1 0.233333 0.616667 0.018750 0.025926
1 0.469531 0.410185 0.014063 0.025926
1 0.537240 0.653241 0.018229 0.028704
1 0.574740 0.603704 0.017188 0.022222
1 0.386458 0.690741 0.020833 0.024074
1 0.706510 0.356481 0.016146 0.037037
1 0.817187 0.486111 0.011458 0.031481
1 0.875000 0.664815 0.015625 0.027778
1 0.929688 0.435185 0.025000 0.046296
1 0.929948 0.397685 0.020313 0.034259
1 0.121875 0.102315 0.014583 0.030556
1 0.069792 0.616667 0.012500 0.025926
1 0.942187 0.624074 0.012500 0.035185
1 0.544271 0.330093 0.013542 0.019444
1 0.941927 0.095833 0.014063 0.028704
1 0.329688 0.406944 0.007292 0.028704
1 0.311458 0.843056 0.007292 0.036111