1 0.091927 0.809722 0.044271 0.063889
1 0.232552 0.802778 0.023438 0.055556
1 0.196354 0.719907 0.033333 0.041667
1 0.901302 0.842130 0.023438 0.137963
1 0.919792 0.431481 0.031250 0.059259
1 0.692187 0.565278 0.020833 0.056481
1 0.515365 0.448148 0.035937 0.066667
1 0.031771 0.486111 0.029167 0.057407
1 0.553125 0.181481 0.018750 0.051852
1 0.007552 0.639815 0.015104 0.020370
1 0.215365 0.610648 0.018229 0.030556
1 0.325000 0.568981 0.014583 0.032407
1 0.469010 0.372685 0.023438 0.025000
1 0.603906 0.318519 0.025521 0.037037
1 0.544792 0.272222 0.012500 0.016667
1 0.446354 0.478241 0.014583 0.030556
1 0.557813 0.680556 0.023958 0.035185
1 0.588021 0.555556 0.016667 0.022222
1 0.366667 0.681481 0.018750 0.033333
1 0.517708 0.597685 0.014583 0.017593
1 0.834896 0.279167 0.013542 0.052778
1 0.816667 0.462963 0.009375 0.044444
1 0.830469 0.537037 0.011979 0.048148
1 0.703646 0.346296 0.007292 0.040741
1 0.945573 0.343981 0.019271 0.039815
1 0.986979 0.097222 0.023958 0.020370
1 0.086198 0.569907 0.015104 0.026852
1 0.108854 0.095833 0.013542 0.028704
1 0.182292 0.510185 0.012500 0.038889
1 0.934896 0.066204 0.015625 0.026852
1 0.939583 0.560185 0.014583 0.038889
1 0.312500 0.816667 0.014583 0.020370
1 0.884375 0.621759 0.013542 0.021296
1 0.167187 0.394907 0.007292 0.017593
1 0.327083 0.383796 0.006250 0.017593
1 0.060417 0.594444 0.011458 0.020370
1 0.865104 0.099074 0.006250 0.020370
1 0.879427 0.186574 0.004687 0.023148
1 0.884896 0.133796 0.010417 0.017593
1 0.836719 0.209259 0.009896 0.011111
1 0.923177 0.112037 0.007812 0.011111
1 0.755729 0.087963 0.007292 0.011111
1 0.806510 0.151389 0.009896 0.017593