1 0.322135 0.668981 0.033854 0.091667
1 0.460938 0.312037 0.039583 0.033333
1 0.594792 0.408333 0.039583 0.074074
1 0.697917 0.647222 0.048958 0.074074
1 0.572917 0.508796 0.035417 0.032407
1 0.684896 0.396759 0.035417 0.050926
1 0.847396 0.286111 0.031250 0.035185
1 0.919792 0.405556 0.027083 0.083333
1 0.761458 0.175926 0.019792 0.064815
1 0.520052 0.500926 0.022396 0.022222
1 0.696615 0.165278 0.026562 0.025000
1 0.947656 0.283333 0.028646 0.053704
1 0.955208 0.206019 0.031250 0.039815
1 0.740104 0.402315 0.018750 0.063889
1 0.619010 0.532870 0.029687 0.034259
1 0.800000 0.909259 0.025000 0.074074
1 0.229167 0.705556 0.026042 0.025926
1 0.161979 0.559259 0.019792 0.042593
1 0.122917 0.487963 0.020833 0.042593
1 0.045833 0.720370 0.019792 0.022222
1 0.127083 0.398611 0.023958 0.025000
1 0.220312 0.254630 0.026042 0.027778
1 0.978385 0.043981 0.024479 0.023148
1 0.880208 0.236111 0.018750 0.051852
1 0.618750 0.079167 0.027083 0.023148
1 0.972656 0.122685 0.018229 0.037963
1 0.739062 0.805093 0.018750 0.021296
1 0.783333 0.806481 0.017708 0.046296
1 0.946615 0.584722 0.017188 0.045370
1 0.578646 0.617130 0.019792 0.025000
1 0.395833 0.381944 0.016667 0.019444
1 0.214583 0.333333 0.014583 0.033333
1 0.253646 0.356944 0.016667 0.030556
1 0.808854 0.175926 0.013542 0.031481
1 0.880990 0.152315 0.014063 0.030556
1 0.695052 0.680556 0.023438 0.029630
1 0.519010 0.542593 0.013021 0.027778
1 0.864844 0.820370 0.024479 0.040741
1 0.061198 0.852315 0.022396 0.017593
1 0.201563 0.630093 0.012500 0.026852
1 0.560417 0.116204 0.015625 0.019444
1 0.628646 0.113426 0.015625 0.023148
1 0.758073 0.043056 0.013021 0.015741
1 0.801562 0.663889 0.009375 0.016667
1 0.575000 0.169444 0.011458 0.014815
1 0.722917 0.223148 0.011458 0.018519
1 0.945833 0.010648 0.012500 0.017593
1 0.798698 0.108333 0.009896 0.012963
1 0.833594 0.118981 0.006771 0.019444
1 0.779948 0.034259 0.009896 0.011111
1 0.686979 0.141667 0.010417 0.020370
1 0.695312 0.060185 0.009375 0.014815
1 0.650260 0.119444 0.009896 0.011111
1 0.555990 0.268981 0.009896 0.023148
1 0.519531 0.220370 0.009896 0.012963
1 0.316146 0.536574 0.011458 0.015741