1 0.023958 0.635185 0.033333 0.079630
1 0.195833 0.707870 0.044792 0.076852
1 0.527865 0.698611 0.042188 0.075000
1 0.699479 0.299537 0.039583 0.030556
1 0.781250 0.484259 0.032292 0.064815
1 0.852604 0.251852 0.039583 0.025926
1 0.941667 0.748611 0.037500 0.089815
1 0.836458 0.342593 0.013542 0.077778
1 0.126562 0.384722 0.025000 0.023148
1 0.273177 0.339815 0.033854 0.033333
1 0.430990 0.512037 0.035937 0.035185
1 0.381510 0.535648 0.020313 0.032407
1 0.405208 0.578241 0.027083 0.032407
1 0.474479 0.585185 0.021875 0.046296
1 0.461979 0.082407 0.026042 0.024074
1 0.629167 0.214815 0.027083 0.035185
1 0.818750 0.261111 0.022917 0.044444
1 0.770052 0.299074 0.023438 0.037037
1 0.903385 0.425463 0.008854 0.073148
1 0.534115 0.485648 0.027604 0.049074
1 0.828385 0.056019 0.027604 0.019444
1 0.954948 0.249537 0.022396 0.026852
1 0.984115 0.335648 0.024479 0.036111
1 0.818490 0.668519 0.022396 0.059259
1 0.661719 0.956944 0.022396 0.056481
1 0.081250 0.296759 0.013542 0.047222
1 0.270833 0.398611 0.022917 0.028704
1 0.448958 0.485648 0.023958 0.060185
1 0.552604 0.670370 0.026042 0.025926
1 0.678646 0.212037 0.018750 0.025926
1 0.200000 0.565741 0.017708 0.020370
1 0.426042 0.647685 0.019792 0.015741
1 0.550000 0.195833 0.012500 0.028704
1 0.611198 0.460185 0.008854 0.042593
1 0.961458 0.086574 0.015625 0.034259
1 0.907813 0.010648 0.020833 0.021296
1 0.987760 0.777315 0.021354 0.047222
1 0.656250 0.878241 0.014583 0.039815
1 0.626042 0.826852 0.020833 0.029630
1 0.428125 0.130556 0.014583 0.011111
1 0.503646 0.155093 0.015625 0.017593
1 0.848177 0.165278 0.013021 0.023148
1 0.921875 0.129630 0.009375 0.024074
1 0.103125 0.729167 0.009375 0.019444
1 0.675781 0.143056 0.009896 0.028704
1 0.652083 0.053704 0.012500 0.011111
1 0.605729 0.247685 0.009375 0.026852
1 0.441667 0.192593 0.012500 0.011111
1 0.561198 0.175926 0.013021 0.014815
1 0.761458 0.190741 0.008333 0.018519
1 0.713021 0.142593 0.006250 0.014815
1 0.698438 0.117130 0.008333 0.008333
1 0.630469 0.063889 0.009896 0.012963
1 0.765885 0.027315 0.010937 0.015741
1 0.758594 0.801389 0.020313 0.025000
1 0.885417 0.643981 0.018750 0.019444
1 0.680208 0.465741 0.010417 0.012963
1 0.955469 0.558333 0.017188 0.014815
1 0.685677 0.687037 0.008854 0.014815