1 0.305208 0.366667 0.040625 0.033333
1 0.044531 0.580093 0.047396 0.054630
1 0.180208 0.628704 0.017708 0.050000
1 0.243490 0.558333 0.034896 0.050000
1 0.153385 0.854630 0.038021 0.094444
1 0.480729 0.900926 0.052083 0.061111
1 0.442188 0.392593 0.032292 0.061111
1 0.580990 0.257407 0.039062 0.035185
1 0.625260 0.788889 0.041146 0.031481
1 0.460417 0.487037 0.039583 0.061111
1 0.067448 0.141204 0.022396 0.021296
1 0.151302 0.102778 0.018229 0.042593
1 0.187240 0.331019 0.009896 0.041667
1 0.254427 0.339815 0.019271 0.027778
1 0.414583 0.121296 0.027083 0.027778
1 0.468750 0.250000 0.022917 0.029630
1 0.408854 0.280556 0.019792 0.024074
1 0.617708 0.462500 0.019792 0.030556
1 0.624219 0.340278 0.016146 0.019444
1 0.679167 0.321296 0.013542 0.024074
1 0.710938 0.261574 0.029167 0.021296
1 0.807031 0.214815 0.027604 0.025926
1 0.948698 0.247685 0.020313 0.030556
1 0.772656 0.477778 0.023438 0.024074
1 0.809375 0.503241 0.018750 0.019444
1 0.904687 0.662037 0.013542 0.051852
1 0.834896 0.565278 0.010417 0.041667
1 0.880208 0.468519 0.020833 0.022222
1 0.045312 0.637037 0.026042 0.048148
1 0.089583 0.706944 0.021875 0.049074
1 0.133073 0.724074 0.016146 0.044444
1 0.181510 0.723148 0.025521 0.035185
1 0.434375 0.805556 0.027083 0.027778
1 0.630208 0.653704 0.026042 0.024074
1 0.381250 0.640278 0.012500 0.050926
1 0.691927 0.669444 0.022396 0.022222
1 0.606510 0.922685 0.028646 0.037963
1 0.421875 0.390741 0.018750 0.018519
1 0.714063 0.143981 0.021875 0.021296
1 0.606510 0.157870 0.020313 0.019444
1 0.655208 0.066667 0.018750 0.037037
1 0.850521 0.159259 0.018750 0.024074
1 0.535937 0.608796 0.014583 0.052778
1 0.280208 0.152778 0.012500 0.027778
1 0.151302 0.219444 0.015104 0.014815
1 0.817969 0.353704 0.007812 0.033333
1 0.293490 0.892130 0.017188 0.021296
1 0.674219 0.903704 0.014063 0.029630
1 0.488542 0.843519 0.014583 0.014815
1 0.017969 0.041204 0.016146 0.013889
1 0.305469 0.287037 0.015104 0.014815
1 0.472135 0.116667 0.017188 0.012963
1 0.485677 0.393519 0.014063 0.027778
1 0.662500 0.121759 0.010417 0.021296
1 0.472396 0.070833 0.015625 0.013889
1 0.362760 0.215278 0.013021 0.015741
1 0.682552 0.087037 0.010937 0.016667
1 0.925260 0.045370 0.016146 0.022222
1 0.846094 0.078704 0.010937 0.020370
1 0.818229 0.156481 0.012500 0.024074
1 0.971354 0.307407 0.015625 0.014815
1 0.954427 0.104167 0.011979 0.030556
1 0.933854 0.079630 0.017708 0.012963
1 0.884375 0.284722 0.013542 0.013889
1 0.062500 0.729630 0.015625 0.024074
1 0.312500 0.816667 0.014583 0.025926
1 0.355469 0.765741 0.013021 0.024074
1 0.414323 0.879630 0.017188 0.025926
1 0.297917 0.952778 0.009375 0.035185
1 0.623177 0.611574 0.014063 0.013889
1 0.688021 0.704167 0.013542 0.013889
1 0.719271 0.798148 0.012500 0.014815
1 0.688281 0.854167 0.014063 0.019444
1 0.914844 0.977315 0.022396 0.041667