1 0.182292 0.911111 0.063542 0.072222
1 0.102604 0.669444 0.047917 0.094444
1 0.070052 0.493519 0.034896 0.068519
1 0.548438 0.555093 0.037500 0.086111
1 0.286719 0.307870 0.042188 0.097222
1 0.586198 0.085185 0.028646 0.070370
1 0.697396 0.034259 0.029167 0.066667
1 0.790625 0.600926 0.032292 0.055556
1 0.363281 0.456481 0.026562 0.055556
1 0.475521 0.725463 0.036458 0.062037
1 0.246354 0.465741 0.022917 0.081481
1 0.101823 0.031019 0.023438 0.039815
1 0.315365 0.105093 0.021354 0.028704
1 0.011979 0.137500 0.018750 0.028704
1 0.570052 0.218981 0.023438 0.028704
1 0.593490 0.263426 0.014063 0.034259
1 0.935156 0.486111 0.016146 0.068519
1 0.769010 0.566667 0.026562 0.040741
1 0.832812 0.765741 0.029167 0.048148
1 0.651563 0.745370 0.025000 0.033333
1 0.531771 0.971296 0.023958 0.035185
1 0.695052 0.937963 0.010937 0.037037
1 0.655990 0.052315 0.016146 0.030556
1 0.971354 0.203704 0.011458 0.038889
1 0.179167 0.242593 0.015625 0.033333
1 0.180729 0.136111 0.014583 0.031481
1 0.234635 0.260185 0.009896 0.035185
1 0.464844 0.090741 0.017188 0.025926
1 0.437500 0.616204 0.018750 0.019444
1 0.990365 0.127778 0.016146 0.022222
1 0.831250 0.328704 0.012500 0.059259
1 0.844010 0.088889 0.016146 0.040741
1 0.832812 0.208333 0.017708 0.014815
1 0.426563 0.877315 0.014583 0.013889
1 0.444271 0.923611 0.013542 0.017593
1 0.664583 0.968519 0.014583 0.040741
1 0.772917 0.937037 0.014583 0.020370
1 0.700000 0.745833 0.008333 0.028704
1 0.871875 0.133796 0.013542 0.019444
1 0.111979 0.229167 0.013542 0.019444
1 0.276302 0.152778 0.009896 0.031481
1 0.204948 0.125463 0.010937 0.019444
1 0.203385 0.243519 0.008854 0.022222
1 0.222135 0.121759 0.008854 0.017593
1 0.435937 0.142593 0.012500 0.024074
1 0.356250 0.055556 0.008333 0.022222
1 0.829427 0.084722 0.008854 0.032407
1 0.888021 0.194444 0.009375 0.022222
1 0.371354 0.528241 0.016667 0.034259
1 0.612500 0.589815 0.014583 0.016667
1 0.647656 0.633333 0.008854 0.014815
1 0.666146 0.704167 0.007292 0.019444
1 0.975781 0.526389 0.020313 0.017593
1 0.969531 0.579167 0.016146 0.021296