1 0.226562 0.547685 0.029167 0.119444
1 0.367448 0.615278 0.045312 0.097222
1 0.456250 0.506944 0.040625 0.126852
1 0.350000 0.498148 0.020833 0.077778
1 0.774219 0.149537 0.023438 0.069444
1 0.303906 0.179630 0.035937 0.048148
1 0.814063 0.738889 0.026042 0.079630
1 0.762500 0.877778 0.038542 0.079630
1 0.452604 0.116667 0.022917 0.059259
1 0.483594 0.032407 0.023438 0.038889
1 0.535677 0.263426 0.008854 0.052778
1 0.340885 0.285185 0.016146 0.055556
1 0.272917 0.154630 0.016667 0.042593
1 0.547135 0.041667 0.016146 0.037037
1 0.081771 0.312963 0.018750 0.057407
1 0.015625 0.060185 0.021875 0.046296
1 0.841406 0.252315 0.023438 0.037963
1 0.877083 0.087037 0.013542 0.048148
1 0.914062 0.017593 0.013542 0.035185
1 0.067969 0.847685 0.023438 0.069444
1 0.049219 0.462963 0.017188 0.055556
1 0.274479 0.080556 0.019792 0.025926
1 0.328125 0.077315 0.014583 0.028704
1 0.822656 0.243056 0.018229 0.025000
1 0.615885 0.821759 0.017188 0.037963
1 0.438802 0.761574 0.023438 0.017593
1 0.975260 0.722222 0.015104 0.035185
1 0.975260 0.787963 0.020313 0.022222
1 0.184115 0.262963 0.010937 0.029630
1 0.251563 0.187963 0.015625 0.029630
1 0.875781 0.275926 0.022396 0.022222
1 0.565104 0.735185 0.012500 0.025926
1 0.114844 0.818519 0.015104 0.035185
1 0.293490 0.782870 0.016146 0.025000
1 0.057031 0.275926 0.015104 0.024074
1 0.108333 0.151852 0.018750 0.022222
1 0.689583 0.840741 0.012500 0.018519
1 0.618229 0.874074 0.016667 0.014815
1 0.858594 0.252315 0.015104 0.015741
1 0.964323 0.010648 0.014063 0.019444
1 0.801562 0.321759 0.006250 0.026852
1 0.451042 0.636574 0.013542 0.017593
1 0.407813 0.655093 0.013542 0.023148
1 0.543490 0.584722 0.009896 0.023148
1 0.251563 0.433333 0.013542 0.014815
1 0.026823 0.184259 0.016146 0.022222
1 0.210938 0.095833 0.014583 0.017593
1 0.107031 0.248611 0.014063 0.023148
1 0.111458 0.381481 0.007292 0.025926
1 0.198958 0.182407 0.012500 0.016667
1 0.189062 0.691667 0.013542 0.016667
1 0.224219 0.650926 0.008854 0.018519
1 0.777083 0.940741 0.012500 0.025926
1 0.578125 0.888889 0.010417 0.033333
1 0.533594 0.877315 0.016146 0.015741