1 0.140625 0.289352 0.028125 0.084259
1 0.736198 0.235185 0.016146 0.079630
1 0.463802 0.479167 0.028646 0.143519
1 0.410156 0.572222 0.023438 0.044444
1 0.202865 0.722222 0.018229 0.050000
1 0.840365 0.022222 0.013021 0.044444
1 0.798698 0.062963 0.013021 0.042593
1 0.753906 0.093519 0.008854 0.046296
1 0.557813 0.912963 0.026042 0.031481
1 0.695052 0.838426 0.021354 0.025000
1 0.500000 0.740741 0.022917 0.012963
1 0.977083 0.693056 0.029167 0.028704
1 0.762500 0.292130 0.010417 0.034259
1 0.255729 0.563889 0.019792 0.025926
1 0.040365 0.339352 0.009896 0.028704
1 0.258333 0.464815 0.009375 0.033333
1 0.547917 0.481944 0.009375 0.023148
1 0.527344 0.763426 0.013021 0.017593
1 0.414323 0.823148 0.016146 0.020370
1 0.296875 0.580093 0.008333 0.023148
1 0.426042 0.486111 0.012500 0.022222
1 0.283594 0.053704 0.017188 0.022222
1 0.243490 0.192593 0.007812 0.022222
1 0.270052 0.285648 0.015104 0.012037
1 0.630208 0.351852 0.008333 0.018519
1 0.373437 0.376389 0.012500 0.015741
1 0.332813 0.426389 0.009375 0.023148
1 0.030990 0.490278 0.010937 0.017593
1 0.040104 0.043519 0.012500 0.016667