1 0.930729 0.049537 0.016667 0.097222
1 0.802604 0.106944 0.015625 0.073148
1 0.718490 0.268056 0.023438 0.062037
1 0.595313 0.695370 0.035417 0.094444
1 0.097135 0.886111 0.035937 0.072222
1 0.734635 0.222685 0.020313 0.049074
1 0.776823 0.519907 0.023438 0.049074
1 0.080469 0.738426 0.023438 0.026852
1 0.295052 0.612500 0.017188 0.030556
1 0.976562 0.971296 0.026042 0.053704
1 0.168490 0.141667 0.017188 0.025926
1 0.134896 0.603241 0.015625 0.025000
1 0.287240 0.989815 0.015104 0.016667
1 0.546615 0.529167 0.008854 0.028704
1 0.130469 0.378704 0.014063 0.024074
1 0.375781 0.916204 0.015104 0.019444
1 0.484375 0.646296 0.007292 0.027778
1 0.235937 0.444444 0.013542 0.018519
1 0.152604 0.756019 0.013542 0.019444
1 0.022656 0.608333 0.011979 0.016667
1 0.202865 0.452315 0.008854 0.026852
1 0.381510 0.830093 0.010937 0.019444