4 0.195573 0.651389 0.389062 0.695370
1 0.649740 0.438426 0.022396 0.025000
1 0.616406 0.484722 0.010937 0.028704
1 0.552344 0.546296 0.013021 0.014815
1 0.618229 0.554630 0.014583 0.012963
1 0.684115 0.415278 0.008854 0.021296
1 0.560677 0.567130 0.017188 0.019444
1 0.953906 0.460648 0.025521 0.050926
1 0.908594 0.469907 0.017188 0.017593
1 0.837240 0.518056 0.017188 0.032407
1 0.883073 0.515278 0.016146 0.026852
1 0.795312 0.643519 0.015625 0.016667
1 0.578646 0.688889 0.012500 0.018519
1 0.789844 0.721759 0.017188 0.017593
1 0.755729 0.803704 0.013542 0.025926
1 0.901823 0.750926 0.016146 0.025926
1 0.692708 0.731944 0.013542 0.012037
1 0.699219 0.878241 0.016146 0.015741
1 0.527865 0.842130 0.009896 0.019444
1 0.759115 0.629167 0.010937 0.019444
1 0.674740 0.741667 0.013021 0.014815
1 0.720313 0.700000 0.008333 0.024074
1 0.576042 0.396759 0.014583 0.030556