1 0.326042 0.498611 0.036458 0.073148
1 0.440625 0.645370 0.043750 0.029630
1 0.770312 0.640278 0.052083 0.076852
1 0.299479 0.302315 0.018750 0.015741
1 0.479948 0.344444 0.016146 0.024074
1 0.557031 0.464815 0.018229 0.037037
1 0.378646 0.392593 0.015625 0.024074
1 0.421615 0.575926 0.018229 0.027778
1 0.443490 0.669444 0.015104 0.020370
1 0.378125 0.612037 0.015625 0.012963
1 0.777344 0.319907 0.023438 0.023148
1 0.958854 0.424074 0.019792 0.029630
1 0.121094 0.656019 0.020313 0.017593
1 0.047656 0.661111 0.016146 0.020370
1 0.248958 0.632870 0.013542 0.019444
1 0.387240 0.712037 0.016146 0.014815
1 0.472135 0.751389 0.010937 0.017593
1 0.167969 0.914352 0.018229 0.030556
1 0.408333 0.660185 0.009375 0.014815