1 0.768229 0.810185 0.026042 0.046296
1 0.855729 0.792593 0.044792 0.038889
1 0.232031 0.360185 0.022396 0.031481
4 0.919010 0.575926 0.160938 0.844444
1 0.089063 0.769444 0.028125 0.037037
1 0.124740 0.525926 0.017188 0.022222
1 0.025781 0.698611 0.016146 0.028704
1 0.383073 0.687037 0.015104 0.020370
1 0.419271 0.939815 0.020833 0.018519
1 0.424219 0.803241 0.014063 0.017593
1 0.602083 0.855556 0.010417 0.022222
1 0.438281 0.974074 0.014063 0.020370
1 0.983854 0.866667 0.015625 0.022222
1 0.142708 0.933796 0.013542 0.023148
1 0.241667 0.596296 0.013542 0.011111
1 0.197396 0.604167 0.010417 0.021296
1 0.183854 0.650926 0.012500 0.020370
1 0.259635 0.606019 0.013021 0.021296
1 0.153906 0.567130 0.010937 0.015741
1 0.215365 0.733333 0.013021 0.018519
1 0.248438 0.640741 0.014583 0.011111
1 0.169531 0.857407 0.011979 0.018519
1 0.025521 0.909259 0.009375 0.024074
1 0.009375 0.606944 0.012500 0.017593
1 0.035677 0.550000 0.007812 0.016667
1 0.016406 0.725000 0.013021 0.014815
1 0.036719 0.640278 0.009896 0.015741
1 0.115104 0.667130 0.010417 0.025000
1 0.158333 0.605556 0.013542 0.014815
1 0.240625 0.673611 0.009375 0.017593
1 0.203646 0.635185 0.012500 0.012963
1 0.097396 0.856019 0.014583 0.017593
1 0.239063 0.748148 0.012500 0.009259
1 0.199740 0.685648 0.009896 0.012037
1 0.043750 0.777315 0.012500 0.017593
1 0.016927 0.634259 0.007812 0.014815
1 0.018490 0.762963 0.009896 0.024074
1 0.291927 0.788426 0.010937 0.017593
1 0.285417 0.717593 0.009375 0.014815
1 0.503125 0.931019 0.009375 0.015741