1 0.819531 0.575926 0.042188 0.044444
1 0.804167 0.937963 0.033333 0.037037
1 0.543490 0.875000 0.036979 0.037037
1 0.643490 0.966667 0.041146 0.037037
1 0.696615 0.614352 0.028646 0.026852
1 0.446354 0.781944 0.030208 0.023148
1 0.544531 0.687500 0.023438 0.021296
1 0.129167 0.274074 0.023958 0.037037
1 0.025521 0.422685 0.016667 0.032407
1 0.352344 0.840278 0.019271 0.034259
1 0.344010 0.697685 0.016146 0.021296
1 0.062240 0.900926 0.018229 0.024074
1 0.965104 0.579630 0.014583 0.024074
1 0.038281 0.331481 0.011979 0.014815
1 0.074219 0.390278 0.010937 0.023148
1 0.089844 0.500926 0.010937 0.018519
1 0.304167 0.543519 0.013542 0.027778
1 0.171875 0.743519 0.016667 0.014815
1 0.134635 0.663889 0.015104 0.012963
1 0.106771 0.633333 0.008333 0.020370
1 0.157552 0.534259 0.010937 0.016667
4 0.838021 0.499537 0.143750 0.999074
1 0.052604 0.475926 0.010417 0.011111
1 0.136458 0.512963 0.012500 0.012963
1 0.052344 0.546296 0.007812 0.012963
1 0.097917 0.544444 0.009375 0.014815
1 0.096094 0.600000 0.009896 0.009259
1 0.080208 0.563889 0.008333 0.011111
1 0.074740 0.488889 0.007812 0.011111
1 0.067969 0.652778 0.010937 0.012963
1 0.143490 0.549074 0.009896 0.011111
1 0.212240 0.543519 0.008854 0.011111
1 0.024219 0.633796 0.010937 0.012037
1 0.189583 0.657870 0.008333 0.013889