3 0.549219 0.566667 0.020313 0.046296
1 0.546094 0.660185 0.076563 0.088889
3 0.665365 0.675463 0.055729 0.058333
8 0.609635 0.605556 0.052604 0.046296
8 0.634375 0.642130 0.052083 0.062037
3 0.696094 0.597685 0.052604 0.037963
8 0.678646 0.626852 0.046875 0.050000
11 0.659115 0.543056 0.094271 0.104630
3 0.424740 0.831019 0.051562 0.045370
3 0.428906 0.625463 0.018229 0.056481
8 0.585677 0.540741 0.041146 0.037037
1 0.553125 0.523148 0.027083 0.053704
1 0.570573 0.507870 0.009896 0.037963
8 0.522396 0.602315 0.034375 0.030556
8 0.528125 0.563426 0.026042 0.047222