3 0.426042 0.862500 0.057292 0.052778
3 0.436458 0.627778 0.016667 0.062963
3 0.703646 0.686574 0.063542 0.065741
8 0.737500 0.600926 0.063542 0.038889
8 0.639062 0.608333 0.053125 0.055556
8 0.666146 0.649537 0.055208 0.071296
8 0.717448 0.631019 0.053646 0.050926
3 0.569010 0.563889 0.022396 0.062963
8 0.609375 0.539352 0.047917 0.041667
11 0.686198 0.538426 0.120313 0.123148
1 0.566667 0.664352 0.082292 0.102778
1 0.573698 0.522222 0.028646 0.055556
1 0.592187 0.504630 0.011458 0.037037
8 0.539583 0.600000 0.037500 0.042593
8 0.544792 0.560185 0.029167 0.048148