8 0.598958 0.818519 0.081250 0.090741
8 0.705469 0.853704 0.083854 0.105556
8 0.637760 0.908796 0.081771 0.126852
3 0.692448 0.956019 0.099479 0.086111
3 0.504167 0.732870 0.034375 0.104630
8 0.558594 0.704630 0.063021 0.074074
8 0.735417 0.797222 0.083333 0.057407
11 0.672396 0.691204 0.142708 0.195370
3 0.308854 0.846296 0.022917 0.085185
1 0.477865 0.921296 0.102604 0.153704
1 0.516406 0.659722 0.034896 0.073148
1 0.541667 0.637500 0.015625 0.052778
8 0.457813 0.805093 0.057292 0.073148
8 0.467708 0.733796 0.051042 0.084259