3 0.633594 0.631944 0.083854 0.076852
8 0.640104 0.531481 0.065625 0.077778
8 0.555729 0.518519 0.066667 0.083333
8 0.585938 0.585648 0.064583 0.097222
8 0.662760 0.481481 0.061979 0.051852
3 0.472656 0.444444 0.028646 0.092593
8 0.521615 0.415741 0.058854 0.062963
11 0.610677 0.393519 0.140104 0.187037
8 0.570833 0.454167 0.032292 0.052778
3 0.308854 0.564815 0.026042 0.061111
1 0.468490 0.624537 0.097396 0.136111
1 0.495573 0.350926 0.024479 0.070370
8 0.434115 0.515741 0.055729 0.061111
8 0.439844 0.444444 0.047396 0.081481