3 0.359896 0.875000 0.107292 0.087037
3 0.413542 0.366667 0.028125 0.087037
3 0.900000 0.544444 0.152083 0.142593
8 0.817969 0.458796 0.114062 0.143519
8 0.760677 0.366667 0.108854 0.101852
3 0.637760 0.260648 0.041146 0.121296
8 0.581250 0.338426 0.069792 0.075000
8 0.710938 0.226852 0.089583 0.087037
1 0.612760 0.470833 0.115104 0.189815
11 0.846354 0.220833 0.219792 0.241667
1 0.670312 0.163889 0.032292 0.088889
8 0.896094 0.406019 0.095312 0.113889
8 0.941406 0.351389 0.116146 0.075000
8 0.596094 0.259259 0.049479 0.092593