3 0.429948 0.775926 0.091146 0.074074
3 0.458073 0.347685 0.022396 0.075000
1 0.645573 0.438889 0.101562 0.164815
3 0.907813 0.506019 0.137500 0.121296
8 0.782031 0.347685 0.097396 0.097222
3 0.664844 0.255556 0.036979 0.109259
8 0.835938 0.430093 0.101042 0.123148
8 0.946875 0.337037 0.103125 0.072222
8 0.911979 0.382870 0.087500 0.110185
8 0.735938 0.221296 0.086458 0.083333
11 0.863802 0.214815 0.207813 0.242593
8 0.807031 0.276389 0.052604 0.063889
1 0.694531 0.167130 0.028646 0.078704
8 0.612760 0.322222 0.071354 0.070370
8 0.626302 0.250000 0.044271 0.088889