5 0.606771 0.493981 0.142708 0.149074
5 0.713802 0.612500 0.108854 0.134259
1 0.165365 0.119444 0.086979 0.075926
1 0.172917 0.412500 0.048958 0.045370
1 0.254167 0.411111 0.043750 0.046296
1 0.372396 0.498148 0.038542 0.040741
1 0.436198 0.449537 0.040104 0.060185
1 0.475781 0.283333 0.048438 0.048148
1 0.455729 0.120833 0.031250 0.054630
1 0.656771 0.294907 0.035417 0.056481
1 0.633594 0.250463 0.031771 0.039815
1 0.772917 0.199074 0.041667 0.061111
1 0.957812 0.125463 0.035417 0.062037
1 0.970313 0.083333 0.039583 0.055556
1 0.813021 0.288889 0.037500 0.061111
1 0.553125 0.250926 0.034375 0.040741
1 0.534896 0.109259 0.051042 0.075926
1 0.458854 0.605093 0.036458 0.037963
1 0.209115 0.224074 0.052604 0.048148
1 0.236198 0.087963 0.051562 0.068519
1 0.364063 0.350000 0.037500 0.046296
1 0.800260 0.176389 0.038021 0.054630
1 0.671615 0.081481 0.030729 0.068519
1 0.421354 0.056481 0.043750 0.050000
1 0.085417 0.039352 0.035417 0.039815
1 0.257031 0.170833 0.072396 0.100926
1 0.210677 0.299537 0.052604 0.039815
1 0.281250 0.072685 0.060417 0.073148
1 0.466667 0.375463 0.041667 0.052778
1 0.295573 0.130556 0.045312 0.050000
1 0.175521 0.031019 0.059375 0.062037
1 0.342969 0.162037 0.071354 0.112963
1 0.572135 0.515278 0.043229 0.071296
1 0.587500 0.044907 0.034375 0.076852
1 0.450000 0.233796 0.042708 0.058333
1 0.660156 0.161574 0.018229 0.056481
1 0.741146 0.397222 0.038542 0.055556
1 0.811979 0.145833 0.035417 0.060185
1 0.708594 0.042130 0.023438 0.052778
1 0.442188 0.025926 0.035417 0.051852
1 0.339323 0.046759 0.033854 0.049074
1 0.227604 0.020833 0.032292 0.039815
1 0.601823 0.354630 0.021354 0.042593
1 0.508333 0.388426 0.034375 0.032407
1 0.374740 0.243981 0.024479 0.037963
1 0.396615 0.259259 0.022396 0.029630
1 0.778646 0.050463 0.026042 0.052778
1 0.741406 0.051852 0.022396 0.046296
1 0.746354 0.035185 0.041667 0.068519